DATE,TREEID,FOPEN,FPAST,LCOLOR,LFALL,CIRCUIT,COMMENTS
8/28/2002,AMSP-01,-99,-99,0,0,1,
8/28/2002,FRAM-01,-99,-99,0,0,2,
8/28/2002,PRSE-01,-99,-99,3,1,3,
8/28/2002,ACRU-01,-99,-99,0,0,4,
8/28/2002,AMSP-02,-99,-99,2,0,5,
8/28/2002,ACSA-01,-99,-99,0,0,6,
8/28/2002,BELE-01,-99,-99,0,0,7,
8/28/2002,BEAL-01,-99,-99,2,1,8,
8/28/2002,QURU-01,-99,-99,0,0,9,
8/28/2002,QUAL-04,-99,-99,0,0,10,
8/28/2002,FAGR-01,-99,-99,0,0,11,
8/28/2002,ACPE-01,-99,-99,0,0,12,
8/28/2002,QUVE-01,-99,-99,0,0,13,
8/28/2002,BEPA-01,-99,-99,0,0,14,
8/28/2002,ACRU-02,-99,-99,1,1,15,
8/28/2002,ACPE-02,-99,-99,0,1,16
8/28/2002,NYSY-04,-99,-99,0,0,17
8/28/2002,FAGR-05,-99,-99,0,0,18
8/28/2002,ACPE-03,-99,-99,1,0,19
8/28/2002,BEAL-02,-99,-99,1,0,20
8/28/2002,BELE-02,-99,-99,1,0,21
8/28/2002,FAGR-03,-99,-99,0,0,22
8/28/2002,AMSP-03,-99,-99,1,0,23
8/28/2002,NYSY-02,-99,-99,0,0,24
8/28/2002,BEAL-03,-99,-99,0,0,25
8/28/2002,NYSY-03,-99,-99,0,0,26
8/28/2002,QURU-02,-99,-99,0,0,27
8/28/2002,ACRU-03,-99,-99,0,0,28
8/28/2002,ACPE-04,-99,-99,1,0,29
8/28/2002,QUVE-02,-99,-99,0,0,30
8/28/2002,ACRU-04,-99,-99,0,0,31
8/28/2002,QUAL-02,-99,-99,0,0,32
8/28/2002,BELE-03,-99,-99,0,0,33
8/28/2002,QUVE-03,-99,-99,0,0,34
8/28/2002,QUVE-04,-99,-99,0,0,35
8/28/2002,QURU-03,-99,-99,0,0,36
8/28/2002,PRSE-02,-99,-99,2,0,37
8/28/2002,BEPA-02,-99,-99,0,0,38
8/28/2002,BEPA-03,-99,-99,0,0,39
8/28/2002,BEPA-04,-99,-99,0,1,40
8/28/2002,FRAM-02,-99,-99,0,0,41
8/28/2002,FAGR-04,-99,-99,0,0,42
8/28/2002,QUAL-03,-99,-99,0,0,43
8/28/2002,ACSA-02,-99,-99,0,0,44
8/28/2002,FRAM-03,-99,-99,0,0,45
8/28/2002,ACSA-03,-99,-99,0,0,46
8/28/2002,PRSE-04,-99,-99,1,0,47
8/28/2002,QURU-04,-99,-99,0,0,48
8/28/2002,ACRU-05,-99,-99,0,0,49
8/28/2002,FRAM-04,-99,-99,0,0,50
9/9/2002,AMSP-01,-99,-99,0,0,1
9/9/2002,FRAM-01,-99,-99,1,0,2
9/9/2002,PRSE-01,-99,-99,7,2,3
9/9/2002,ACRU-01,-99,-99,3,1,4
9/9/2002,AMSP-02,-99,-99,5,1,5
9/9/2002,ACSA-01,-99,-99,0,0,6
9/9/2002,BELE-01,-99,-99,2,0,7
9/9/2002,BEAL-01,-99,-99,3,1,8
9/9/2002,QURU-01,-99,-99,1,0,9
9/9/2002,QUAL-04,-99,-99,0,0,10
9/9/2002,FAGR-01,-99,-99,0,0,11
9/9/2002,ACPE-01,-99,-99,0,1,12
9/9/2002,QUVE-01,-99,-99,0,0,13
9/9/2002,BEPA-01,-99,-99,1,1,14
9/9/2002,ACRU-02,-99,-99,18,3,15
9/9/2002,ACPE-02,-99,-99,0,1,16
9/9/2002,NYSY-04,-99,-99,1,0,17
9/9/2002,FAGR-05,-99,-99,0,0,18
9/9/2002,ACPE-03,-99,-99,3,1,19
9/9/2002,BEAL-02,-99,-99,1,0,20
9/9/2002,BELE-02,-99,-99,0,0,21
9/9/2002,FAGR-03,-99,-99,0,0,22
9/9/2002,AMSP-03,-99,-99,5,1,23
9/9/2002,NYSY-02,-99,-99,0,0,24
9/9/2002,BEAL-03,-99,-99,1,0,25
9/9/2002,NYSY-03,-99,-99,2,0,26
9/9/2002,QURU-02,-99,-99,0,0,27
9/9/2002,ACRU-03,-99,-99,3,0,28
9/9/2002,ACPE-04,-99,-99,8,0,29
9/9/2002,QUVE-02,-99,-99,0,0,30
9/9/2002,ACRU-04,-99,-99,20,1,31
9/9/2002,QUAL-02,-99,-99,2,0,32
9/9/2002,BELE-03,-99,-99,0,0,33
9/9/2002,QUVE-03,-99,-99,2,0,34
9/9/2002,QUVE-04,-99,-99,0,0,35
9/9/2002,QURU-03,-99,-99,0,0,36
9/9/2002,PRSE-02,-99,-99,5,1,37
9/9/2002,BEPA-02,-99,-99,0,0,38
9/9/2002,BEPA-03,-99,-99,0,0,39
9/9/2002,BEPA-04,-99,-99,7,1,40
9/9/2002,FRAM-02,-99,-99,1,0,41
9/9/2002,FAGR-04,-99,-99,0,0,42
9/9/2002,QUAL-03,-99,-99,0,0,43
9/9/2002,ACSA-02,-99,-99,0,0,44
9/9/2002,FRAM-03,-99,-99,0,0,45
9/9/2002,ACSA-03,-99,-99,5,1,46
9/9/2002,PRSE-04,-99,-99,3,1,47
9/9/2002,QURU-04,-99,-99,0,0,48
9/9/2002,ACRU-05,-99,-99,8,2,49
9/9/2002,FRAM-04,-99,-99,0,0,50
9/19/2002,AMSP-01,-99,-99,1,0,1
9/19/2002,FRAM-01,-99,-99,20,1,2
9/19/2002,PRSE-01,-99,-99,22,3,3
9/19/2002,ACRU-01,-99,-99,7,1,4
9/19/2002,AMSP-02,-99,-99,8,1,5
9/19/2002,ACSA-01,-99,-99,0,0,6
9/19/2002,BELE-01,-99,-99,7,1,7
9/19/2002,BEAL-01,-99,-99,12,3,8
9/19/2002,QURU-01,-99,-99,5,0,9
9/19/2002,QUAL-04,-99,-99,0,0,10
9/19/2002,FAGR-01,-99,-99,1,0,11
9/19/2002,ACPE-01,-99,-99,1,1,12
9/19/2002,QUVE-01,-99,-99,1,0,13
9/19/2002,BEPA-01,-99,-99,5,1,14
9/19/2002,ACRU-02,-99,-99,35,8,15
9/19/2002,ACPE-02,-99,-99,2,1,16
9/19/2002,NYSY-04,-99,-99,3,0,17
9/19/2002,FAGR-05,-99,-99,0,0,18
9/19/2002,ACPE-03,-99,-99,3,1,19
9/19/2002,BEAL-02,-99,-99,3,0,20
9/19/2002,BELE-02,-99,-99,1,0,21
9/19/2002,FAGR-03,-99,-99,3,0,22
9/19/2002,AMSP-03,-99,-99,5,1,23
9/19/2002,NYSY-02,-99,-99,5,0,24
9/19/2002,BEAL-03,-99,-99,5,1,25
9/19/2002,NYSY-03,-99,-99,3,1,26
9/19/2002,QURU-02,-99,-99,1,0,27
9/19/2002,ACRU-03,-99,-99,8,1,28
9/19/2002,ACPE-04,-99,-99,10,1,29
9/19/2002,QUVE-02,-99,-99,0,0,30
9/19/2002,ACRU-04,-99,-99,25,3,31
9/19/2002,QUAL-02,-99,-99,35,3,32
9/19/2002,BELE-03,-99,-99,2,0,33
9/19/2002,QUVE-03,-99,-99,10,2,34
9/19/2002,QUVE-04,-99,-99,0,0,35
9/19/2002,QURU-03,-99,-99,0,0,36
9/19/2002,PRSE-02,-99,-99,10,1,37
9/19/2002,BEPA-02,-99,-99,1,0,38
9/19/2002,BEPA-03,-99,-99,3,0,39
9/19/2002,BEPA-04,-99,-99,10,5,40
9/19/2002,FRAM-02,-99,-99,10,0,41
9/19/2002,FAGR-04,-99,-99,0,0,42
9/19/2002,QUAL-03,-99,-99,0,0,43
9/19/2002,ACSA-02,-99,-99,0,0,44
9/19/2002,FRAM-03,-99,-99,1,0,45
9/19/2002,ACSA-03,-99,-99,13,5,46
9/19/2002,PRSE-04,-99,-99,5,1,47
9/19/2002,QURU-04,-99,-99,3,0,48
9/19/2002,ACRU-05,-99,-99,17,5,49
9/19/2002,FRAM-04,-99,-99,1,0,50
9/25/2002,AMSP-01,-99,-99,1,0,1
9/25/2002,FRAM-01,-99,-99,60,5,2
9/25/2002,PRSE-01,-99,-99,20,5,3
9/25/2002,ACRU-01,-99,-99,10,3,4
9/25/2002,AMSP-02,-99,-99,15,2,5
9/25/2002,ACSA-01,-99,-99,0,0,6
9/25/2002,BELE-01,-99,-99,22,3,7
9/25/2002,BEAL-01,-99,-99,20,5,8
9/25/2002,QURU-01,-99,-99,5,0,9
9/25/2002,QUAL-04,-99,-99,0,0,10
9/25/2002,FAGR-01,-99,-99,1,0,11
9/25/2002,ACPE-01,-99,-99,1,1,12
9/25/2002,QUVE-01,-99,-99,1,0,13
9/25/2002,BEPA-01,-99,-99,5,1,14
9/25/2002,ACRU-02,-99,-99,25,10,15
9/25/2002,ACPE-02,-99,-99,5,1,16
9/25/2002,NYSY-04,-99,-99,8,1,17
9/25/2002,FAGR-05,-99,-99,5,1,18
9/25/2002,ACPE-03,-99,-99,5,1,19
9/25/2002,BEAL-02,-99,-99,15,1,20
9/25/2002,BELE-02,-99,-99,8,0,21
9/25/2002,FAGR-03,-99,-99,30,5,22
9/25/2002,AMSP-03,-99,-99,20,3,23
9/25/2002,NYSY-02,-99,-99,18,1,24
9/25/2002,BEAL-03,-99,-99,10,1,25
9/25/2002,NYSY-03,-99,-99,8,2,26
9/25/2002,QURU-02,-99,-99,0,0,27
9/25/2002,ACRU-03,-99,-99,12,1,28
9/25/2002,ACPE-04,-99,-99,27,3,29
9/25/2002,QUVE-02,-99,-99,0,0,30
9/25/2002,ACRU-04,-99,-99,35,5,31
9/25/2002,QUAL-02,-99,-99,45,7,32
9/25/2002,BELE-03,-99,-99,18,2,33
9/25/2002,QUVE-03,-99,-99,17,3,34
9/25/2002,QUVE-04,-99,-99,1,0,35
9/25/2002,QURU-03,-99,-99,1,0,36
9/25/2002,PRSE-02,-99,-99,10,1,37
9/25/2002,BEPA-02,-99,-99,2,0,38
9/25/2002,BEPA-03,-99,-99,2,1,39
9/25/2002,BEPA-04,-99,-99,27,7,40
9/25/2002,FRAM-02,-99,-99,33,1,41
9/25/2002,FAGR-04,-99,-99,1,0,42
9/25/2002,QUAL-03,-99,-99,1,0,43
9/25/2002,ACSA-02,-99,-99,3,0,44
9/25/2002,FRAM-03,-99,-99,3,0,45
9/25/2002,ACSA-03,-99,-99,18,5,46
9/25/2002,PRSE-04,-99,-99,15,1,47
9/25/2002,QURU-04,-99,-99,5,0,48
9/25/2002,ACRU-05,-99,-99,15,5,49
9/25/2002,FRAM-04,-99,-99,1,0,50
10/4/2002,AMSP-01,-99,-99,25,1,1
10/4/2002,FRAM-01,-99,-99,90,25,2
10/4/2002,PRSE-01,-99,-99,27,22,3
10/4/2002,ACRU-01,-99,-99,60,5,4
10/4/2002,AMSP-02,-99,-99,35,2,5
10/4/2002,ACSA-01,-99,-99,1,0,6
10/4/2002,BELE-01,-99,-99,25,5,7
10/4/2002,BEAL-01,-99,-99,40,10,8
10/4/2002,QURU-01,-99,-99,8,0,9
10/4/2002,QUAL-04,-99,-99,0,0,10
10/4/2002,FAGR-01,-99,-99,2,0,11
10/4/2002,ACPE-01,-99,-99,7,1,12
10/4/2002,QUVE-01,-99,-99,2,0,13
10/4/2002,BEPA-01,-99,-99,7,1,14
10/4/2002,ACRU-02,-99,-99,55,35,15
10/4/2002,ACPE-02,-99,-99,10,2,16
10/4/2002,NYSY-04,-99,-99,38,1,17
10/4/2002,FAGR-05,-99,-99,3,0,18
10/4/2002,ACPE-03,-99,-99,30,3,19
10/4/2002,BEAL-02,-99,-99,22,2,20
10/4/2002,BELE-02,-99,-99,20,3,21
10/4/2002,FAGR-03,-99,-99,38,23,22
10/4/2002,AMSP-03,-99,-99,55,8,23
10/4/2002,NYSY-02,-99,-99,85,5,24
10/4/2002,BEAL-03,-99,-99,37,3,25
10/4/2002,NYSY-03,-99,-99,87,5,26
10/4/2002,QURU-02,-99,-99,10,1,27
10/4/2002,ACRU-03,-99,-99,85,7,28
10/4/2002,ACPE-04,-99,-99,55,7,29
10/4/2002,QUVE-02,-99,-99,7,0,30
10/4/2002,ACRU-04,-99,-99,75,20,31
10/4/2002,QUAL-02,-99,-99,80,25,32
10/4/2002,BELE-03,-99,-99,40,10,33
10/4/2002,QUVE-03,-99,-99,65,15,34
10/4/2002,QUVE-04,-99,-99,5,0,35
10/4/2002,QURU-03,-99,-99,8,1,36
10/4/2002,PRSE-02,-99,-99,35,8,37
10/4/2002,BEPA-02,-99,-99,15,2,38
10/4/2002,BEPA-03,-99,-99,15,1,39
10/4/2002,BEPA-04,-99,-99,35,17,40
10/4/2002,FRAM-02,-99,-99,92,15,41
10/4/2002,FAGR-04,-99,-99,1,0,42
10/4/2002,QUAL-03,-99,-99,8,0,43
10/4/2002,ACSA-02,-99,-99,5,1,44
10/4/2002,FRAM-03,-99,-99,7,3,45
10/4/2002,ACSA-03,-99,-99,30,10,46
10/4/2002,PRSE-04,-99,-99,20,5,47
10/4/2002,QURU-04,-99,-99,7,1,48
10/4/2002,ACRU-05,-99,-99,38,8,49
10/4/2002,FRAM-04,-99,-99,3,0,50
10/10/2002,AMSP-01,-99,-99,60,5,1
10/10/2002,FRAM-01,-99,-99,100,50,2
10/10/2002,PRSE-01,-99,-99,40,38,3
10/10/2002,ACRU-01,-99,-99,85,12,4
10/10/2002,AMSP-02,-99,-99,55,5,5
10/10/2002,ACSA-01,-99,-99,2,0,6
10/10/2002,BELE-01,-99,-99,30,15,7
10/10/2002,BEAL-01,-99,-99,60,27,8
10/10/2002,QURU-01,-99,-99,15,1,9
10/10/2002,QUAL-04,-99,-99,7,0,10
10/10/2002,FAGR-01,-99,-99,3,0,11
10/10/2002,ACPE-01,-99,-99,15,2,12
10/10/2002,QUVE-01,-99,-99,8,3,13
10/10/2002,BEPA-01,-99,-99,17,5,14
10/10/2002,ACRU-02,-99,-99,80,50,15
10/10/2002,ACPE-02,-99,-99,30,3,16
10/10/2002,NYSY-04,-99,-99,50,3,17
10/10/2002,FAGR-05,-99,-99,8,0,18
10/10/2002,ACPE-03,-99,-99,45,5,19
10/10/2002,BEAL-02,-99,-99,35,5,20
10/10/2002,BELE-02,-99,-99,22,3,21
10/10/2002,FAGR-03,-99,-99,45,35,22
10/10/2002,AMSP-03,-99,-99,75,40,23
10/10/2002,NYSY-02,-99,-99,98,30,24
10/10/2002,BEAL-03,-99,-99,75,30,25
10/10/2002,NYSY-03,-99,-99,95,40,26
10/10/2002,QURU-02,-99,-99,27,5,27
10/10/2002,ACRU-03,-99,-99,99,35,28
10/10/2002,ACPE-04,-99,-99,65,25,29
10/10/2002,QUVE-02,-99,-99,22,1,30
10/10/2002,ACRU-04,-99,-99,80,33,31
10/10/2002,QUAL-02,-99,-99,85,45,32
10/10/2002,BELE-03,-99,-99,65,30,33
10/10/2002,QUVE-03,-99,-99,70,33,34
10/10/2002,QUVE-04,-99,-99,10,1,35
10/10/2002,QURU-03,-99,-99,12,1,36
10/10/2002,PRSE-02,-99,-99,35,15,37
10/10/2002,BEPA-02,-99,-99,25,3,38
10/10/2002,BEPA-03,-99,-99,30,3,39
10/10/2002,BEPA-04,-99,-99,38,25,40
10/10/2002,FRAM-02,-99,-99,95,50,41
10/10/2002,FAGR-04,-99,-99,7,0,42
10/10/2002,QUAL-03,-99,-99,17,1,43
10/10/2002,ACSA-02,-99,-99,8,1,44
10/10/2002,FRAM-03,-99,-99,15,5,45
10/10/2002,ACSA-03,-99,-99,35,10,46
10/10/2002,PRSE-04,-99,-99,22,8,47
10/10/2002,QURU-04,-99,-99,15,1,48
10/10/2002,ACRU-05,-99,-99,60,25,49
10/10/2002,FRAM-04,-99,-99,15,0,50
10/15/2002,AMSP-01,-99,-99,85,20,1
10/15/2002,FRAM-01,-99,-99,100,93,2
10/15/2002,PRSE-01,-99,-99,50,35,3
10/15/2002,ACRU-01,-99,-99,100,45,4
10/15/2002,AMSP-02,-99,-99,85,15,5
10/15/2002,ACSA-01,-99,-99,8,0,6
10/15/2002,BELE-01,-99,-99,38,20,7
10/15/2002,BEAL-01,-99,-99,95,50,8
10/15/2002,QURU-01,-99,-99,18,1,9
10/15/2002,QUAL-04,-99,-99,35,0,10
10/15/2002,FAGR-01,-99,-99,5,1,11
10/15/2002,ACPE-01,-99,-99,35,2,12
10/15/2002,QUVE-01,-99,-99,15,3,13
10/15/2002,BEPA-01,-99,-99,40,8,14
10/15/2002,ACRU-02,-99,-99,100,65,15
10/15/2002,ACPE-02,-99,-99,70,5,16
10/15/2002,NYSY-04,-99,-99,60,15,17
10/15/2002,FAGR-05,-99,-99,30,5,18
10/15/2002,ACPE-03,-99,-99,75,30,19
10/15/2002,BEAL-02,-99,-99,90,7,20
10/15/2002,BELE-02,-99,-99,80,5,21
10/15/2002,FAGR-03,-99,-99,75,45,22
10/15/2002,AMSP-03,-99,-99,92,60,23
10/15/2002,NYSY-02,-99,-99,99,90,24
10/15/2002,BEAL-03,-99,-99,70,60,25
10/15/2002,NYSY-03,-99,-99,90,85,26
10/15/2002,QURU-02,-99,-99,60,10,27
10/15/2002,ACRU-03,-99,-99,100,85,28
10/15/2002,ACPE-04,-99,-99,85,60,29
10/15/2002,QUVE-02,-99,-99,25,3,30
10/15/2002,ACRU-04,-99,-99,90,70,31
10/15/2002,QUAL-02,-99,-99,85,78,32
10/15/2002,BELE-03,-99,-99,90,45,33
10/15/2002,QUVE-03,-99,-99,80,50,34
10/15/2002,QUVE-04,-99,-99,20,1,35
10/15/2002,QURU-03,-99,-99,20,3,36
10/15/2002,PRSE-02,-99,-99,45,15,37
10/15/2002,BEPA-02,-99,-99,75,7,38
10/15/2002,BEPA-03,-99,-99,90,25,39
10/15/2002,BEPA-04,-99,-99,85,35,40
10/15/2002,FRAM-02,-99,-99,100,99,41
10/15/2002,FAGR-04,-99,-99,3,1,42
10/15/2002,QUAL-03,-99,-99,17,3,43
10/15/2002,ACSA-02,-99,-99,30,3,44
10/15/2002,FRAM-03,-99,-99,22,8,45
10/15/2002,ACSA-03,-99,-99,45,18,46
10/15/2002,PRSE-04,-99,-99,25,7,47
10/15/2002,QURU-04,-99,-99,12,3,48
10/15/2002,ACRU-05,-99,-99,80,45,49
10/15/2002,FRAM-04,-99,-99,20,3,50
10/18/2002,AMSP-01,-99,-99,97,45,1
10/18/2002,FRAM-01,-99,-99,100,99,2
10/18/2002,PRSE-01,-99,-99,70,45,3
10/18/2002,ACRU-01,-99,-99,100,93,4
10/18/2002,AMSP-02,-99,-99,99,30,5
10/18/2002,ACSA-01,-99,-99,30,1,6
10/18/2002,BELE-01,-99,-99,80,23,7
10/18/2002,BEAL-01,-99,-99,95,65,8
10/18/2002,QURU-01,-99,-99,30,3,9
10/18/2002,QUAL-04,-99,-99,65,3,10
10/18/2002,FAGR-01,-99,-99,7,2,11
10/18/2002,ACPE-01,-99,-99,60,3,12
10/18/2002,QUVE-01,-99,-99,20,5,13
10/18/2002,BEPA-01,-99,-99,92,17,14
10/18/2002,ACRU-02,-99,-99,100,95,15
10/18/2002,ACPE-02,-99,-99,97,5,16
10/18/2002,NYSY-04,-99,-99,83,10,17
10/18/2002,FAGR-05,-99,-99,38,3,18
10/18/2002,ACPE-03,-99,-99,98,45,19
10/18/2002,BEAL-02,-99,-99,99,12,20
10/18/2002,BELE-02,-99,-99,97,15,21
10/18/2002,FAGR-03,-99,-99,95,60,22
10/18/2002,AMSP-03,-99,-99,99,70,23
10/18/2002,NYSY-02,-99,-99,100,97,24
10/18/2002,BEAL-03,-99,-99,80,75,25
10/18/2002,NYSY-03,-99,-99,85,95,26
10/18/2002,QURU-02,-99,-99,90,15,27
10/18/2002,ACRU-03,-99,-99,100,99,28
10/18/2002,ACPE-04,-99,-99,85,80,29
10/18/2002,QUVE-02,-99,-99,50,8,30
10/18/2002,ACRU-04,-99,-99,100,88,31
10/18/2002,QUAL-02,-99,-99,99,85,32
10/18/2002,BELE-03,-99,-99,99,55,33
10/18/2002,QUVE-03,-99,-99,92,68,34
10/18/2002,QUVE-04,-99,-99,30,5,35
10/18/2002,QURU-03,-99,-99,28,3,36
10/18/2002,PRSE-02,-99,-99,60,15,37
10/18/2002,BEPA-02,-99,-99,97,25,38
10/18/2002,BEPA-03,-99,-99,92,65,39
10/18/2002,BEPA-04,-99,-99,98,40,40
10/18/2002,FRAM-02,-99,-99,100,100,41
10/18/2002,FAGR-04,-99,-99,3,1,42
10/18/2002,QUAL-03,-99,-99,17,2,43
10/18/2002,ACSA-02,-99,-99,88,3,44
10/18/2002,FRAM-03,-99,-99,85,15,45
10/18/2002,ACSA-03,-99,-99,75,22,46
10/18/2002,PRSE-04,-99,-99,50,30,47
10/18/2002,QURU-04,-99,-99,25,8,48
10/18/2002,ACRU-05,-99,-99,98,67,49
10/18/2002,FRAM-04,-99,-99,28,3,50
10/22/2002,AMSP-01,-99,-99,99,80,1
10/22/2002,FRAM-01,-99,-99,100,100,2
10/22/2002,PRSE-01,-99,-99,75,62,3
10/22/2002,ACRU-01,-99,-99,100,99,4
10/22/2002,AMSP-02,-99,-99,100,35,5
10/22/2002,ACSA-01,-99,-99,80,3,6
10/22/2002,BELE-01,-99,-99,97,45,7
10/22/2002,BEAL-01,-99,-99,80,95,8
10/22/2002,QURU-01,-99,-99,35,5,9
10/22/2002,QUAL-04,-99,-99,85,10,10
10/22/2002,FAGR-01,-99,-99,8,2,11
10/22/2002,ACPE-01,-99,-99,93,3,12
10/22/2002,QUVE-01,-99,-99,25,7,13
10/22/2002,BEPA-01,-99,-99,97,23,14
10/22/2002,ACRU-02,-99,-99,100,99,15
10/22/2002,ACPE-02,-99,-99,100,33,16
10/22/2002,NYSY-04,-99,-99,80,18,17
10/22/2002,FAGR-05,-99,-99,55,15,18
10/22/2002,ACPE-03,-99,-99,100,67,19
10/22/2002,BEAL-02,-99,-99,99,27,20
10/22/2002,BELE-02,-99,-99,100,50,21
10/22/2002,FAGR-03,-99,-99,99,65,22
10/22/2002,AMSP-03,-99,-99,100,90,23
10/22/2002,NYSY-02,-99,-99,100,99,24
10/22/2002,BEAL-03,-99,-99,80,90,25
10/22/2002,NYSY-03,-99,-99,95,97,26
10/22/2002,QURU-02,-99,-99,90,20,27
10/22/2002,ACRU-03,-99,-99,100,100,28
10/22/2002,ACPE-04,-99,-99,80,93,29
10/22/2002,QUVE-02,-99,-99,83,8,30
10/22/2002,ACRU-04,-99,-99,100,97,31
10/22/2002,QUAL-02,-99,-99,100,90,32
10/22/2002,BELE-03,-99,-99,98,82,33
10/22/2002,QUVE-03,-99,-99,98,65,34
10/22/2002,QUVE-04,-99,-99,75,3,35
10/22/2002,QURU-03,-99,-99,43,5,36
10/22/2002,PRSE-02,-99,-99,78,28,37
10/22/2002,BEPA-02,-99,-99,95,77,38
10/22/2002,BEPA-03,-99,-99,80,90,39
10/22/2002,BEPA-04,-99,-99,100,68,40
10/22/2002,FRAM-02,-99,-99,100,100,41
10/22/2002,FAGR-04,-99,-99,3,1,42
10/22/2002,QUAL-03,-99,-99,35,3,43
10/22/2002,ACSA-02,-99,-99,99,3,44
10/22/2002,FRAM-03,-99,-99,90,25,45
10/22/2002,ACSA-03,-99,-99,95,30,46
10/22/2002,PRSE-04,-99,-99,60,23,47
10/22/2002,QURU-04,-99,-99,40,5,48
10/22/2002,ACRU-05,-99,-99,99,85,49
10/22/2002,FRAM-04,-99,-99,38,5,50
10/28/2002,AMSP-01,-99,-99,99,95,1
10/28/2002,FRAM-01,-99,-99,100,100,2
10/28/2002,PRSE-01,-99,-99,75,70,3
10/28/2002,ACRU-01,-99,-99,100,100,4
10/28/2002,AMSP-02,-99,-99,100,85,5
10/28/2002,ACSA-01,-99,-99,99,38,6
10/28/2002,BELE-01,-99,-99,100,85,7
10/28/2002,BEAL-01,-99,-99,100,99,8
10/28/2002,QURU-01,-99,-99,65,8,9
10/28/2002,QUAL-04,-99,-99,95,20,10
10/28/2002,FAGR-01,-99,-99,20,3,11
10/28/2002,ACPE-01,-99,-99,100,20,12
10/28/2002,QUVE-01,-99,-99,60,13,13
10/28/2002,BEPA-01,-99,-99,99,45,14
10/28/2002,ACRU-02,-99,-99,100,100,15
10/28/2002,ACPE-02,-99,-99,100,99,16
10/28/2002,NYSY-04,-99,-99,85,45,17
10/28/2002,FAGR-05,-99,-99,70,22,18
10/28/2002,ACPE-03,-99,-99,100,98,19
10/28/2002,BEAL-02,-99,-99,100,97,20
10/28/2002,BELE-02,-99,-99,100,98,21
10/28/2002,FAGR-03,-99,-99,100,80,22
10/28/2002,AMSP-03,-99,-99,100,100,23
10/28/2002,NYSY-02,-99,-99,100,100,24
10/28/2002,BEAL-03,-99,-99,100,99,25
10/28/2002,NYSY-03,-99,-99,100,100,26
10/28/2002,QURU-02,-99,-99,100,45,27
10/28/2002,ACRU-03,-99,-99,100,100,28
10/28/2002,ACPE-04,-99,-99,90,97,29
10/28/2002,QUVE-02,-99,-99,90,55,30
10/28/2002,ACRU-04,-99,-99,100,100,31
10/28/2002,QUAL-02,-99,-99,100,97,32
10/28/2002,BELE-03,-99,-99,100,100,33
10/28/2002,QUVE-03,-99,-99,100,85,34
10/28/2002,QUVE-04,-99,-99,88,7,35
10/28/2002,QURU-03,-99,-99,70,15,36
10/28/2002,PRSE-02,-99,-99,88,28,37
10/28/2002,BEPA-02,-99,-99,90,95,38
10/28/2002,BEPA-03,-99,-99,90,97,39
10/28/2002,BEPA-04,-99,-99,100,98,40
10/28/2002,FRAM-02,-99,-99,100,100,41
10/28/2002,FAGR-04,-99,-99,12,3,42
10/28/2002,QUAL-03,-99,-99,60,8,43
10/28/2002,ACSA-02,-99,-99,100,22,44
10/28/2002,FRAM-03,-99,-99,100,100,45
10/28/2002,ACSA-03,-99,-99,100,60,46
10/28/2002,PRSE-04,-99,-99,70,38,47
10/28/2002,QURU-04,-99,-99,68,8,48
10/28/2002,ACRU-05,-99,-99,100,100,49
10/28/2002,FRAM-04,-99,-99,60,33,50
11/4/2002,AMSP-01,-99,-99,100,100,1
11/4/2002,FRAM-01,-99,-99,100,100,2
11/4/2002,PRSE-01,-99,-99,98,83,3
11/4/2002,ACRU-01,-99,-99,100,100,4
11/4/2002,AMSP-02,-99,-99,100,99,5
11/4/2002,ACSA-01,-99,-99,100,92,6
11/4/2002,BELE-01,-99,-99,100,100,7
11/4/2002,BEAL-01,-99,-99,100,100,8
11/4/2002,QURU-01,-99,-99,78,10,9
11/4/2002,QUAL-04,-99,-99,100,28,10
11/4/2002,FAGR-01,-99,-99,35,5,11
11/4/2002,ACPE-01,-99,-99,100,55,12
11/4/2002,QUVE-01,-99,-99,90,23,13
11/4/2002,BEPA-01,-99,-99,100,97,14
11/4/2002,ACRU-02,-99,-99,100,100,15
11/4/2002,ACPE-02,-99,-99,100,100,16
11/4/2002,NYSY-04,-99,-99,85,65,17
11/4/2002,FAGR-05,-99,-99,80,60,18
11/4/2002,ACPE-03,-99,-99,100,100,19
11/4/2002,BEAL-02,-99,-99,100,99,20
11/4/2002,BELE-02,-99,-99,100,100,21
11/4/2002,FAGR-03,-99,-99,100,95,22
11/4/2002,AMSP-03,-99,-99,100,100,23
11/4/2002,NYSY-02,-99,-99,100,100,24
11/4/2002,BEAL-03,-99,-99,100,99,25
11/4/2002,NYSY-03,-99,-99,100,100,26
11/4/2002,QURU-02,-99,-99,100,75,27
11/4/2002,ACRU-03,-99,-99,100,100,28
11/4/2002,ACPE-04,-99,-99,100,100,29
11/4/2002,QUVE-02,-99,-99,100,95,30
11/4/2002,ACRU-04,-99,-99,100,100,31
11/4/2002,QUAL-02,-99,-99,100,98,32
11/4/2002,BELE-03,-99,-99,100,100,33
11/4/2002,QUVE-03,-99,-99,100,93,34
11/4/2002,QUVE-04,-99,-99,98,22,35
11/4/2002,QURU-03,-99,-99,88,12,36
11/4/2002,PRSE-02,-99,-99,95,70,37
11/4/2002,BEPA-02,-99,-99,100,100,38
11/4/2002,BEPA-03,-99,-99,100,100,39
11/4/2002,BEPA-04,-99,-99,100,100,40
11/4/2002,FRAM-02,-99,-99,100,100,41
11/4/2002,FAGR-04,-99,-99,62,7,42
11/4/2002,QUAL-03,-99,-99,88,8,43
11/4/2002,ACSA-02,-99,-99,100,88,44
11/4/2002,FRAM-03,-99,-99,100,100,45
11/4/2002,ACSA-03,-99,-99,100,99,46
11/4/2002,PRSE-04,-99,-99,95,72,47
11/4/2002,QURU-04,-99,-99,80,12,48
11/4/2002,ACRU-05,-99,-99,100,100,49
11/4/2002,FRAM-04,-99,-99,100,80,50
11/12/2002,AMSP-01,-99,-99,100,100,1
11/12/2002,FRAM-01,-99,-99,100,100,2
11/12/2002,PRSE-01,-99,-99,100,100,3
11/12/2002,ACRU-01,-99,-99,100,100,4
11/12/2002,AMSP-02,-99,-99,100,100,5
11/12/2002,ACSA-01,-99,-99,100,100,6
11/12/2002,BELE-01,-99,-99,100,100,7
11/12/2002,BEAL-01,-99,-99,100,100,8
11/12/2002,QURU-01,-99,-99,100,70,9
11/12/2002,QUAL-04,-99,-99,100,69,10
11/12/2002,FAGR-01,-99,-99,100,20,11
11/12/2002,ACPE-01,-99,-99,100,100,12
11/12/2002,QUVE-01,-99,-99,100,87,13
11/12/2002,BEPA-01,-99,-99,100,100,14
11/12/2002,ACRU-02,-99,-99,100,100,15
11/12/2002,ACPE-02,-99,-99,100,100,16
11/12/2002,NYSY-04,-99,-99,100,98,17
11/12/2002,FAGR-05,-99,-99,100,85,18
11/12/2002,ACPE-03,-99,-99,100,100,19
11/12/2002,BEAL-02,-99,-99,100,100,20
11/12/2002,BELE-02,-99,-99,100,100,21
11/12/2002,FAGR-03,-99,-99,100,97,22
11/12/2002,AMSP-03,-99,-99,100,100,23
11/12/2002,NYSY-02,-99,-99,100,100,24
11/12/2002,BEAL-03,-99,-99,100,100,25
11/12/2002,NYSY-03,-99,-99,100,100,26
11/12/2002,QURU-02,-99,-99,100,99,27
11/12/2002,ACRU-03,-99,-99,100,100,28
11/12/2002,ACPE-04,-99,-99,100,100,29
11/12/2002,QUVE-02,-99,-99,100,100,30
11/12/2002,ACRU-04,-99,-99,100,100,31
11/12/2002,QUAL-02,-99,-99,100,100,32
11/12/2002,BELE-03,-99,-99,100,100,33
11/12/2002,QUVE-03,-99,-99,100,99,34
11/12/2002,QUVE-04,-99,-99,100,95,35
11/12/2002,QURU-03,-99,-99,100,35,36
11/12/2002,PRSE-02,-99,-99,100,100,37
11/12/2002,BEPA-02,-99,-99,100,100,38
11/12/2002,BEPA-03,-99,-99,100,100,39
11/12/2002,BEPA-04,-99,-99,100,100,40
11/12/2002,FRAM-02,-99,-99,100,100,41
11/12/2002,FAGR-04,-99,-99,100,15,42
11/12/2002,QUAL-03,-99,-99,100,50,43
11/12/2002,ACSA-02,-99,-99,100,99,44
11/12/2002,FRAM-03,-99,-99,100,100,45
11/12/2002,ACSA-03,-99,-99,100,100,46
11/12/2002,PRSE-04,-99,-99,100,100,47
11/12/2002,QURU-04,-99,-99,100,27,48
11/12/2002,ACRU-05,-99,-99,100,100,49
11/12/2002,FRAM-04,-99,-99,100,99,50
11/15/2002,AMSP-01,-99,-99,100,100,1
11/15/2002,FRAM-01,-99,-99,100,100,2
11/15/2002,PRSE-01,-99,-99,100,100,3
11/15/2002,ACRU-01,-99,-99,100,100,4
11/15/2002,AMSP-02,-99,-99,100,100,5
11/15/2002,ACSA-01,-99,-99,100,100,6
11/15/2002,BELE-01,-99,-99,100,100,7
11/15/2002,BEAL-01,-99,-99,100,100,8
11/15/2002,QURU-01,-99,-99,100,95,9
11/15/2002,QUAL-04,-99,-99,100,85,10
11/15/2002,FAGR-01,-99,-99,100,60,11
11/15/2002,ACPE-01,-99,-99,100,100,12
11/15/2002,QUVE-01,-99,-99,100,92,13
11/15/2002,BEPA-01,-99,-99,100,100,14
11/15/2002,ACRU-02,-99,-99,100,100,15
11/15/2002,ACPE-02,-99,-99,100,100,16
11/15/2002,NYSY-04,-99,-99,100,99,17
11/15/2002,FAGR-05,-99,-99,100,92,18
11/15/2002,ACPE-03,-99,-99,100,100,19
11/15/2002,BEAL-02,-99,-99,100,100,20
11/15/2002,BELE-02,-99,-99,100,100,21
11/15/2002,FAGR-03,-99,-99,100,99,22
11/15/2002,AMSP-03,-99,-99,100,100,23
11/15/2002,NYSY-02,-99,-99,100,100,24
11/15/2002,BEAL-03,-99,-99,100,100,25
11/15/2002,NYSY-03,-99,-99,100,100,26
11/15/2002,QURU-02,-99,-99,100,99,27
11/15/2002,ACRU-03,-99,-99,100,100,28
11/15/2002,ACPE-04,-99,-99,100,100,29
11/15/2002,QUVE-02,-99,-99,100,100,30
11/15/2002,ACRU-04,-99,-99,100,100,31
11/15/2002,QUAL-02,-99,-99,100,100,32
11/15/2002,BELE-03,-99,-99,100,100,33
11/15/2002,QUVE-03,-99,-99,100,100,34
11/15/2002,QUVE-04,-99,-99,100,98,35
11/15/2002,QURU-03,-99,-99,100,65,36
11/15/2002,PRSE-02,-99,-99,100,100,37
11/15/2002,BEPA-02,-99,-99,100,100,38
11/15/2002,BEPA-03,-99,-99,100,100,39
11/15/2002,BEPA-04,-99,-99,100,100,40
11/15/2002,FRAM-02,-99,-99,100,100,41
11/15/2002,FAGR-04,-99,-99,100,33,42
11/15/2002,QUAL-03,-99,-99,100,95,43
11/15/2002,ACSA-02,-99,-99,100,99,44
11/15/2002,FRAM-03,-99,-99,100,100,45
11/15/2002,ACSA-03,-99,-99,100,100,46
11/15/2002,PRSE-04,-99,-99,100,100,47
11/15/2002,QURU-04,-99,-99,100,50,48
11/15/2002,ACRU-05,-99,-99,100,100,49
11/15/2002,FRAM-04,-99,-99,100,99,50
11/25/2002,AMSP-01,-99,-99,100,100,1
11/25/2002,FRAM-01,-99,-99,100,100,2
11/25/2002,PRSE-01,-99,-99,100,100,3
11/25/2002,ACRU-01,-99,-99,100,100,4
11/25/2002,AMSP-02,-99,-99,100,100,5
11/25/2002,ACSA-01,-99,-99,100,100,6
11/25/2002,BELE-01,-99,-99,100,100,7
11/25/2002,BEAL-01,-99,-99,100,100,8
11/25/2002,QURU-01,-99,-99,100,100,9
11/25/2002,QUAL-04,-99,-99,100,93,10
11/25/2002,FAGR-01,-99,-99,100,98,11
11/25/2002,ACPE-01,-99,-99,100,100,12
11/25/2002,QUVE-01,-99,-99,100,97,13
11/25/2002,BEPA-01,-99,-99,100,100,14
11/25/2002,ACRU-02,-99,-99,100,100,15
11/25/2002,ACPE-02,-99,-99,100,100,16
11/25/2002,NYSY-04,-99,-99,100,100,17
11/25/2002,FAGR-05,-99,-99,100,99,18
11/25/2002,ACPE-03,-99,-99,100,100,19
11/25/2002,BEAL-02,-99,-99,100,100,20
11/25/2002,BELE-02,-99,-99,100,100,21
11/25/2002,FAGR-03,-99,-99,100,100,22
11/25/2002,AMSP-03,-99,-99,100,100,23
11/25/2002,NYSY-02,-99,-99,100,100,24
11/25/2002,BEAL-03,-99,-99,100,100,25
11/25/2002,NYSY-03,-99,-99,100,100,26
11/25/2002,QURU-02,-99,-99,100,100,27
11/25/2002,ACRU-03,-99,-99,100,100,28
11/25/2002,ACPE-04,-99,-99,100,100,29
11/25/2002,QUVE-02,-99,-99,100,100,30
11/25/2002,ACRU-04,-99,-99,100,100,31
11/25/2002,QUAL-02,-99,-99,100,100,32
11/25/2002,BELE-03,-99,-99,100,100,33
11/25/2002,QUVE-03,-99,-99,100,100,34
11/25/2002,QUVE-04,-99,-99,100,100,35
11/25/2002,QURU-03,-99,-99,100,100,36
11/25/2002,PRSE-02,-99,-99,100,100,37
11/25/2002,BEPA-02,-99,-99,100,100,38
11/25/2002,BEPA-03,-99,-99,100,100,39
11/25/2002,BEPA-04,-99,-99,100,100,40
11/25/2002,FRAM-02,-99,-99,100,100,41
11/25/2002,FAGR-04,-99,-99,100,82,42
11/25/2002,QUAL-03,-99,-99,100,100,43
11/25/2002,ACSA-02,-99,-99,100,100,44
11/25/2002,FRAM-03,-99,-99,100,100,45
11/25/2002,ACSA-03,-99,-99,100,100,46
11/25/2002,PRSE-04,-99,-99,100,100,47
11/25/2002,QURU-04,-99,-99,100,97,48
11/25/2002,ACRU-05,-99,-99,100,100,49
11/25/2002,FRAM-04,-99,-99,100,100,50
