DATE,TREEID,FOPEN,FPAST,LCOLOR,LFALL,CIRCUIT,COMMENTS
9/2/2004,AMSP-01,-99,-99,0,0,1,
9/2/2004,FRAM-01,-99,-99,15,0,2,
9/2/2004,PRSE-01,-99,-99,3,1,3,
9/2/2004,ACRU-01,-99,-99,1,0,4,
9/2/2004,AMSP-02,-99,-99,0,0,5,
9/2/2004,ACSA-01,-99,-99,0,0,6,
9/2/2004,BELE-01,-99,-99,1,0,7,
9/2/2004,BEAL-01,-99,-99,1,0,8,
9/2/2004,QURU-01,-99,-99,0,0,9,
9/2/2004,QUAL-04,-99,-99,0,0,10,
9/2/2004,FAGR-01,-99,-99,0,0,11,
9/2/2004,ACPE-01,-99,-99,1,0,12,
9/2/2004,QUVE-01,-99,-99,0,0,13,
9/2/2004,BEPA-01,-99,-99,0,0,14,
9/2/2004,ACRU-02,-99,-99,5,1,15,
9/2/2004,ACPE-02,-99,-99,1,0,16,
9/2/2004,NYSY-04,-99,-99,1,0,17,
9/2/2004,FAGR-05,-99,-99,0,0,18,
9/2/2004,ACPE-03,-99,-99,0,0,19,
9/2/2004,BEAL-02,-99,-99,0,0,20,
9/2/2004,BELE-02,-99,-99,0,0,21,
9/2/2004,FAGR-06,-99,-99,0,0,22,new tree
9/2/2004,AMSP-03,-99,-99,1,0,23,
9/2/2004,NYSY-02,-99,-99,0,0,24,
9/2/2004,BEAL-03,-99,-99,0,0,25,
9/2/2004,NYSY-03,-99,-99,3,0,26,
9/2/2004,QURU-02,-99,-99,0,0,27,
9/2/2004,ACRU-03,-99,-99,0,0,28,
9/2/2004,ACPE-04,-99,-99,0,0,29,
9/2/2004,QUVE-02,-99,-99,0,0,30,
9/2/2004,ACRU-04,-99,-99,1,0,31,
9/2/2004,QUAL-02,-99,-99,0,0,32
9/2/2004,BELE-03,-99,-99,0,0,33
9/2/2004,QUVE-03,-99,-99,3,0,34
9/2/2004,QUVE-04,-99,-99,0,0,35
9/2/2004,QURU-03,-99,-99,0,0,36
9/2/2004,PRSE-02,-99,-99,10,1,37
9/2/2004,BEPA-02,-99,-99,0,0,38
9/2/2004,BEPA-03,-99,-99,0,0,39
9/2/2004,BEPA-04,-99,-99,3,2,40
9/2/2004,FRAM-02,-99,-99,0,0,41
9/2/2004,FAGR-04,-99,-99,0,0,42
9/2/2004,QUAL-03,-99,-99,0,0,43
9/2/2004,ACSA-02,-99,-99,0,0,44
9/2/2004,FRAM-03,-99,-99,0,0,45
9/2/2004,ACSA-03,-99,-99,1,0,46
9/2/2004,PRSE-04,-99,-99,1,0,47
9/2/2004,QURU-04,-99,-99,0,0,48
9/2/2004,ACRU-05,-99,-99,2,0,49
9/2/2004,FRAM-04,-99,-99,0,0,50
9/7/2004,AMSP-01,-99,-99,1,0,1
9/7/2004,FRAM-01,-99,-99,18,1,2
9/7/2004,PRSE-01,-99,-99,3,1,3
9/7/2004,ACRU-01,-99,-99,1,0,4
9/7/2004,AMSP-02,-99,-99,0,0,5
9/7/2004,ACSA-01,-99,-99,0,0,6
9/7/2004,BELE-01,-99,-99,1,1,7
9/7/2004,BEAL-01,-99,-99,5,2,8
9/7/2004,QURU-01,-99,-99,0,0,9
9/7/2004,QUAL-04,-99,-99,0,0,10
9/7/2004,FAGR-01,-99,-99,0,0,11
9/7/2004,ACPE-01,-99,-99,1,0,12
9/7/2004,QUVE-01,-99,-99,0,0,13
9/7/2004,BEPA-01,-99,-99,5,1,14,
9/7/2004,ACRU-02,-99,-99,5,1,15,
9/7/2004,ACPE-02,-99,-99,3,2,16,
9/7/2004,NYSY-04,-99,-99,3,0,17,
9/7/2004,FAGR-05,-99,-99,0,0,18,
9/7/2004,ACPE-03,-99,-99,1,0,19,
9/7/2004,BEAL-02,-99,-99,1,0,20,
9/7/2004,BELE-02,-99,-99,0,0,21,
9/7/2004,FAGR-06,-99,-99,0,0,22,new tree
9/7/2004,AMSP-03,-99,-99,5,1,23,
9/7/2004,NYSY-02,-99,-99,3,1,24,
9/7/2004,BEAL-03,-99,-99,3,0,25,
9/7/2004,NYSY-03,-99,-99,7,2,26,
9/7/2004,QURU-02,-99,-99,0,0,27,
9/7/2004,ACRU-03,-99,-99,0,0,28,
9/7/2004,ACPE-04,-99,-99,0,0,29,
9/7/2004,QUVE-02,-99,-99,0,0,30
9/7/2004,ACRU-04,-99,-99,5,0,31
9/7/2004,QUAL-02,-99,-99,2,0,32
9/7/2004,BELE-03,-99,-99,0,0,33
9/7/2004,QUVE-03,-99,-99,2,0,34
9/7/2004,QUVE-04,-99,-99,0,0,35
9/7/2004,QURU-03,-99,-99,0,0,36
9/7/2004,PRSE-02,-99,-99,20,1,37
9/7/2004,BEPA-02,-99,-99,0,0,38
9/7/2004,BEPA-03,-99,-99,1,0,39
9/7/2004,BEPA-04,-99,-99,10,3,40
9/7/2004,FRAM-02,-99,-99,1,0,41
9/7/2004,FAGR-04,-99,-99,0,0,42
9/7/2004,QUAL-03,-99,-99,0,0,43
9/7/2004,ACSA-02,-99,-99,0,0,44
9/7/2004,FRAM-03,-99,-99,0,0,45
9/7/2004,ACSA-03,-99,-99,3,1,46
9/7/2004,PRSE-04,-99,-99,2,1,47
9/7/2004,QURU-04,-99,-99,0,0,48
9/7/2004,ACRU-05,-99,-99,3,1,49
9/7/2004,FRAM-04,-99,-99,0,0,50
9/16/2004,AMSP-01,-99,-99,3,1,1
9/16/2004,FRAM-01,-99,-99,50,5,2
9/16/2004,PRSE-01,-99,-99,18,5,3
9/16/2004,ACRU-01,-99,-99,7,1,4
9/16/2004,AMSP-02,-99,-99,3,0,5
9/16/2004,ACSA-01,-99,-99,0,0,6
9/16/2004,BELE-01,-99,-99,10,1,7
9/16/2004,BEAL-01,-99,-99,12,2,8
9/16/2004,QURU-01,-99,-99,1,0,9
9/16/2004,QUAL-04,-99,-99,0,0,10
9/16/2004,FAGR-01,-99,-99,1,0,11
9/16/2004,ACPE-01,-99,-99,2,1,12,
9/16/2004,QUVE-01,-99,-99,1,1,13,
9/16/2004,BEPA-01,-99,-99,10,5,14,
9/16/2004,ACRU-02,-99,-99,17,3,15,
9/16/2004,ACPE-02,-99,-99,5,2,16,
9/16/2004,NYSY-04,-99,-99,3,0,17,
9/16/2004,FAGR-05,-99,-99,0,0,18,
9/16/2004,ACPE-03,-99,-99,1,1,19,
9/16/2004,BEAL-02,-99,-99,2,1,20,
9/16/2004,BELE-02,-99,-99,1,0,21,
9/16/2004,FAGR-06,-99,-99,0,0,22,new tree
9/16/2004,AMSP-03,-99,-99,12,10,23,
9/16/2004,NYSY-02,-99,-99,2,1,24,
9/16/2004,BEAL-03,-99,-99,18,1,25,
9/16/2004,NYSY-03,-99,-99,5,2,26,
9/16/2004,QURU-02,-99,-99,1,0,27,
9/16/2004,ACRU-03,-99,-99,1,0,28
9/16/2004,ACPE-04,-99,-99,3,1,29
9/16/2004,QUVE-02,-99,-99,0,0,30
9/16/2004,ACRU-04,-99,-99,23,3,31
9/16/2004,QUAL-02,-99,-99,10,0,32
9/16/2004,BELE-03,-99,-99,1,0,33
9/16/2004,QUVE-03,-99,-99,10,2,34
9/16/2004,QUVE-04,-99,-99,0,0,35
9/16/2004,QURU-03,-99,-99,0,0,36
9/16/2004,PRSE-02,-99,-99,22,5,37
9/16/2004,BEPA-02,-99,-99,0,0,38
9/16/2004,BEPA-03,-99,-99,3,0,39
9/16/2004,BEPA-04,-99,-99,20,5,40
9/16/2004,FRAM-02,-99,-99,10,0,41
9/16/2004,FAGR-04,-99,-99,0,0,42
9/16/2004,QUAL-03,-99,-99,0,0,43
9/16/2004,ACSA-02,-99,-99,1,0,44
9/16/2004,FRAM-03,-99,-99,2,0,45
9/16/2004,ACSA-03,-99,-99,7,1,46
9/16/2004,PRSE-04,-99,-99,5,2,47
9/16/2004,QURU-04,-99,-99,1,0,48
9/16/2004,ACRU-05,-99,-99,5,1,49
9/16/2004,FRAM-04,-99,-99,3,0,50
9/23/2004,AMSP-01,-99,-99,5,1,1
9/23/2004,FRAM-01,-99,-99,65,8,2
9/23/2004,PRSE-01,-99,-99,18,15,3
9/23/2004,ACRU-01,-99,-99,10,2,4
9/23/2004,AMSP-02,-99,-99,3,0,5
9/23/2004,ACSA-01,-99,-99,0,0,6
9/23/2004,BELE-01,-99,-99,22,5,7
9/23/2004,BEAL-01,-99,-99,10,3,8
9/23/2004,QURU-01,-99,-99,1,0,9
9/23/2004,QUAL-04,-99,-99,2,0,10,
9/23/2004,FAGR-01,-99,-99,0,0,11,
9/23/2004,ACPE-01,-99,-99,3,2,12,
9/23/2004,QUVE-01,-99,-99,1,1,13,
9/23/2004,BEPA-01,-99,-99,20,5,14,
9/23/2004,ACRU-02,-99,-99,60,10,15,
9/23/2004,ACPE-02,-99,-99,7,2,16,
9/23/2004,NYSY-04,-99,-99,8,0,17,
9/23/2004,FAGR-05,-99,-99,0,0,18,
9/23/2004,ACPE-03,-99,-99,2,0,19,
9/23/2004,BEAL-02,-99,-99,12,1,20,
9/23/2004,BELE-02,-99,-99,3,0,21,
9/23/2004,FAGR-06,-99,-99,2,0,22,new tree
9/23/2004,AMSP-03,-99,-99,20,10,23,
9/23/2004,NYSY-02,-99,-99,15,1,24,
9/23/2004,BEAL-03,-99,-99,38,3,25,
9/23/2004,NYSY-03,-99,-99,18,2,26
9/23/2004,QURU-02,-99,-99,1,0,27
9/23/2004,ACRU-03,-99,-99,10,0,28
9/23/2004,ACPE-04,-99,-99,8,0,29
9/23/2004,QUVE-02,-99,-99,1,0,30
9/23/2004,ACRU-04,-99,-99,42,8,31
9/23/2004,QUAL-02,-99,-99,30,2,32
9/23/2004,BELE-03,-99,-99,7,1,33
9/23/2004,QUVE-03,-99,-99,25,5,34
9/23/2004,QUVE-04,-99,-99,0,0,35
9/23/2004,QURU-03,-99,-99,1,0,36
9/23/2004,PRSE-02,-99,-99,27,5,37
9/23/2004,BEPA-02,-99,-99,3,0,38
9/23/2004,BEPA-03,-99,-99,10,1,39
9/23/2004,BEPA-04,-99,-99,23,7,40
9/23/2004,FRAM-02,-99,-99,17,0,41
9/23/2004,FAGR-04,-99,-99,1,0,42
9/23/2004,QUAL-03,-99,-99,1,0,43
9/23/2004,ACSA-02,-99,-99,1,0,44
9/23/2004,FRAM-03,-99,-99,3,0,45
9/23/2004,ACSA-03,-99,-99,12,1,46
9/23/2004,PRSE-04,-99,-99,15,3,47
9/23/2004,QURU-04,-99,-99,2,0,48
9/23/2004,ACRU-05,-99,-99,22,2,49
9/23/2004,FRAM-04,-99,-99,15,0,50
9/30/2004,AMSP-01,-99,-99,23,2,1
9/30/2004,FRAM-01,-99,-99,95,70,2
9/30/2004,PRSE-01,-99,-99,15,17,3
9/30/2004,ACRU-01,-99,-99,22,8,4
9/30/2004,AMSP-02,-99,-99,7,1,5
9/30/2004,ACSA-01,-99,-99,1,0,6
9/30/2004,BELE-01,-99,-99,15,10,7
9/30/2004,BEAL-01,-99,-99,40,7,8,
9/30/2004,QURU-01,-99,-99,3,0,9,
9/30/2004,QUAL-04,-99,-99,2,0,10,
9/30/2004,FAGR-01,-99,-99,1,0,11,
9/30/2004,ACPE-01,-99,-99,3,1,12,
9/30/2004,QUVE-01,-99,-99,7,1,13,
9/30/2004,BEPA-01,-99,-99,23,8,14,
9/30/2004,ACRU-02,-99,-99,40,35,15,
9/30/2004,ACPE-02,-99,-99,10,3,16,
9/30/2004,NYSY-04,-99,-99,30,3,17,
9/30/2004,FAGR-05,-99,-99,2,0,18,
9/30/2004,ACPE-03,-99,-99,15,1,19,
9/30/2004,BEAL-02,-99,-99,8,3,20,
9/30/2004,BELE-02,-99,-99,3,0,21,
9/30/2004,FAGR-06,-99,-99,5,1,22,new tree
9/30/2004,AMSP-03,-99,-99,40,23,23,
9/30/2004,NYSY-02,-99,-99,95,8,24
9/30/2004,BEAL-03,-99,-99,85,25,25
9/30/2004,NYSY-03,-99,-99,85,10,26
9/30/2004,QURU-02,-99,-99,12,1,27
9/30/2004,ACRU-03,-99,-99,37,1,28
9/30/2004,ACPE-04,-99,-99,15,3,29
9/30/2004,QUVE-02,-99,-99,8,1,30
9/30/2004,ACRU-04,-99,-99,55,20,31
9/30/2004,QUAL-02,-99,-99,50,3,32
9/30/2004,BELE-03,-99,-99,38,5,33
9/30/2004,QUVE-03,-99,-99,33,15,34
9/30/2004,QUVE-04,-99,-99,5,1,35
9/30/2004,QURU-03,-99,-99,3,0,36
9/30/2004,PRSE-02,-99,-99,30,23,37
9/30/2004,BEPA-02,-99,-99,12,2,38
9/30/2004,BEPA-03,-99,-99,40,8,39
9/30/2004,BEPA-04,-99,-99,35,20,40
9/30/2004,FRAM-02,-99,-99,85,7,41
9/30/2004,FAGR-04,-99,-99,5,0,42
9/30/2004,QUAL-03,-99,-99,7,1,43
9/30/2004,ACSA-02,-99,-99,2,0,44
9/30/2004,FRAM-03,-99,-99,22,3,45
9/30/2004,ACSA-03,-99,-99,25,5,46
9/30/2004,PRSE-04,-99,-99,25,15,47
9/30/2004,QURU-04,-99,-99,7,1,48
9/30/2004,ACRU-05,-99,-99,23,20,49
9/30/2004,FRAM-04,-99,-99,30,3,50
10/7/2004,AMSP-01,-99,-99,45,5,1
10/7/2004,FRAM-01,-99,-99,100,98,2
10/7/2004,PRSE-01,-99,-99,17,27,3
10/7/2004,ACRU-01,-99,-99,80,15,4
10/7/2004,AMSP-02,-99,-99,20,2,5
10/7/2004,ACSA-01,-99,-99,3,0,6
10/7/2004,BELE-01,-99,-99,38,13,7
10/7/2004,BEAL-01,-99,-99,77,17,8
10/7/2004,QURU-01,-99,-99,5,0,9
10/7/2004,QUAL-04,-99,-99,10,0,10
10/7/2004,FAGR-01,-99,-99,2,0,11
10/7/2004,ACPE-01,-99,-99,7,1,12
10/7/2004,QUVE-01,-99,-99,8,3,13
10/7/2004,BEPA-01,-99,-99,45,25,14
10/7/2004,ACRU-02,-99,-99,90,50,15
10/7/2004,ACPE-02,-99,-99,33,5,16
10/7/2004,NYSY-04,-99,-99,50,10,17
10/7/2004,FAGR-05,-99,-99,10,1,18
10/7/2004,ACPE-03,-99,-99,45,2,19
10/7/2004,BEAL-02,-99,-99,85,10,20
10/7/2004,BELE-02,-99,-99,40,3,21
10/7/2004,FAGR-06,-99,-99,3,2,22,new tree
10/7/2004,AMSP-03,-99,-99,50,50,23,
10/7/2004,NYSY-02,-99,-99,80,93,24,
10/7/2004,BEAL-03,-99,-99,90,80,25,
10/7/2004,NYSY-03,-99,-99,85,70,26,
10/7/2004,QURU-02,-99,-99,40,7,27,
10/7/2004,ACRU-03,-99,-99,100,3,28,
10/7/2004,ACPE-04,-99,-99,35,5,29,
10/7/2004,QUVE-02,-99,-99,12,1,30,
10/7/2004,ACRU-04,-99,-99,82,38,31,
10/7/2004,QUAL-02,-99,-99,65,20,32,
10/7/2004,BELE-03,-99,-99,40,15,33,
10/7/2004,QUVE-03,-99,-99,55,22,34,
10/7/2004,QUVE-04,-99,-99,10,1,35,
10/7/2004,QURU-03,-99,-99,8,0,36,
10/7/2004,PRSE-02,-99,-99,35,30,37,
10/7/2004,BEPA-02,-99,-99,35,7,38
10/7/2004,BEPA-03,-99,-99,90,30,39
10/7/2004,BEPA-04,-99,-99,82,30,40
10/7/2004,FRAM-02,-99,-99,98,88,41
10/7/2004,FAGR-04,-99,-99,3,1,42
10/7/2004,QUAL-03,-99,-99,17,1,43
10/7/2004,ACSA-02,-99,-99,3,1,44
10/7/2004,FRAM-03,-99,-99,35,5,45
10/7/2004,ACSA-03,-99,-99,55,10,46
10/7/2004,PRSE-04,-99,-99,47,18,47
10/7/2004,QURU-04,-99,-99,15,2,48
10/7/2004,ACRU-05,-99,-99,42,23,49
10/7/2004,FRAM-04,-99,-99,47,8,50
10/12/2004,AMSP-01,-99,-99,95,35,1
10/12/2004,FRAM-01,-99,-99,100,100,2
10/12/2004,PRSE-01,-99,-99,40,50,3
10/12/2004,ACRU-01,-99,-99,100,90,4
10/12/2004,AMSP-02,-99,-99,90,10,5
10/12/2004,ACSA-01,-99,-99,20,1,6
10/12/2004,BELE-01,-99,-99,67,20,7
10/12/2004,BEAL-01,-99,-99,99,75,8
10/12/2004,QURU-01,-99,-99,18,1,9
10/12/2004,QUAL-04,-99,-99,30,2,10
10/12/2004,FAGR-01,-99,-99,3,0,11
10/12/2004,ACPE-01,-99,-99,50,3,12
10/12/2004,QUVE-01,-99,-99,22,5,13
10/12/2004,BEPA-01,-99,-99,95,40,14
10/12/2004,ACRU-02,-99,-99,100,88,15
10/12/2004,ACPE-02,-99,-99,99,8,16
10/12/2004,NYSY-04,-99,-99,65,38,17
10/12/2004,FAGR-05,-99,-99,22,3,18
10/12/2004,ACPE-03,-99,-99,95,33,19
10/12/2004,BEAL-02,-99,-99,100,38,20,
10/12/2004,BELE-02,-99,-99,98,7,21,
10/12/2004,FAGR-06,-99,-99,5,3,22,new tree
10/12/2004,AMSP-03,-99,-99,100,65,23,
10/12/2004,NYSY-02,-99,-99,100,97,24,
10/12/2004,BEAL-03,-99,-99,100,98,25,
10/12/2004,NYSY-03,-99,-99,98,92,26,
10/12/2004,QURU-02,-99,-99,75,15,27,
10/12/2004,ACRU-03,-99,-99,100,98,28,
10/12/2004,ACPE-04,-99,-99,97,7,29,
10/12/2004,QUVE-02,-99,-99,70,15,30,
10/12/2004,ACRU-04,-99,-99,100,88,31,
10/12/2004,QUAL-02,-99,-99,97,50,32,
10/12/2004,BELE-03,-99,-99,98,42,33,
10/12/2004,QUVE-03,-99,-99,75,50,34,
10/12/2004,QUVE-04,-99,-99,45,10,35,
10/12/2004,QURU-03,-99,-99,20,1,36
10/12/2004,PRSE-02,-99,-99,60,45,37
10/12/2004,BEPA-02,-99,-99,97,25,38
10/12/2004,BEPA-03,-99,-99,100,95,39
10/12/2004,BEPA-04,-99,-99,100,57,40
10/12/2004,FRAM-02,-99,-99,100,100,41
10/12/2004,FAGR-04,-99,-99,3,3,42
10/12/2004,QUAL-03,-99,-99,33,5,43
10/12/2004,ACSA-02,-99,-99,35,3,44
10/12/2004,FRAM-03,-99,-99,90,95,45
10/12/2004,ACSA-03,-99,-99,70,23,46
10/12/2004,PRSE-04,-99,-99,67,28,47
10/12/2004,QURU-04,-99,-99,27,8,48
10/12/2004,ACRU-05,-99,-99,95,50,49
10/12/2004,FRAM-04,-99,-99,60,30,50
10/16/2004,AMSP-01,-99,-99,99,92,1
10/16/2004,FRAM-01,-99,-99,100,100,2
10/16/2004,PRSE-01,-99,-99,65,55,3
10/16/2004,ACRU-01,-99,-99,100,100,4
10/16/2004,AMSP-02,-99,-99,99,30,5
10/16/2004,ACSA-01,-99,-99,50,3,6
10/16/2004,BELE-01,-99,-99,98,33,7
10/16/2004,BEAL-01,-99,-99,98,98,8
10/16/2004,QURU-01,-99,-99,37,3,9
10/16/2004,QUAL-04,-99,-99,60,5,10
10/16/2004,FAGR-01,-99,-99,7,1,11
10/16/2004,ACPE-01,-99,-99,75,5,12
10/16/2004,QUVE-01,-99,-99,60,10,13
10/16/2004,BEPA-01,-99,-99,100,78,14
10/16/2004,ACRU-02,-99,-99,100,100,15
10/16/2004,ACPE-02,-99,-99,100,70,16
10/16/2004,NYSY-04,-99,-99,80,60,17
10/16/2004,FAGR-05,-99,-99,33,5,18,
10/16/2004,ACPE-03,-99,-99,100,85,19,
10/16/2004,BEAL-02,-99,-99,100,97,20,
10/16/2004,BELE-02,-99,-99,100,78,21,
10/16/2004,FAGR-06,-99,-99,15,3,22,new tree
10/16/2004,AMSP-03,-99,-99,100,99,23,
10/16/2004,NYSY-02,-99,-99,100,99,24,
10/16/2004,BEAL-03,-99,-99,100,99,25,
10/16/2004,NYSY-03,-99,-99,100,97,26,
10/16/2004,QURU-02,-99,-99,90,42,27,
10/16/2004,ACRU-03,-99,-99,100,100,28,
10/16/2004,ACPE-04,-99,-99,100,78,29,
10/16/2004,QUVE-02,-99,-99,90,55,30,
10/16/2004,ACRU-04,-99,-99,100,100,31,
10/16/2004,QUAL-02,-99,-99,100,65,32,
10/16/2004,BELE-03,-99,-99,99,63,33,
10/16/2004,QUVE-03,-99,-99,85,75,34
10/16/2004,QUVE-04,-99,-99,70,15,35
10/16/2004,QURU-03,-99,-99,40,3,36
10/16/2004,PRSE-02,-99,-99,73,62,37
10/16/2004,BEPA-02,-99,-99,90,95,38
10/16/2004,BEPA-03,-99,-99,100,100,39
10/16/2004,BEPA-04,-99,-99,100,95,40
10/16/2004,FRAM-02,-99,-99,100,100,41
10/16/2004,FAGR-04,-99,-99,10,5,42
10/16/2004,QUAL-03,-99,-99,50,3,43
10/16/2004,ACSA-02,-99,-99,67,3,44
10/16/2004,FRAM-03,-99,-99,100,98,45
10/16/2004,ACSA-03,-99,-99,97,42,46
10/16/2004,PRSE-04,-99,-99,80,55,47
10/16/2004,QURU-04,-99,-99,50,5,48
10/16/2004,ACRU-05,-99,-99,100,90,49
10/16/2004,FRAM-04,-99,-99,80,55,50
10/22/2004,AMSP-01,-99,-99,100,100,1
10/22/2004,FRAM-01,-99,-99,100,100,2
10/22/2004,PRSE-01,-99,-99,80,73,3
10/22/2004,ACRU-01,-99,-99,100,100,4
10/22/2004,AMSP-02,-99,-99,100,82,5
10/22/2004,ACSA-01,-99,-99,87,7,6
10/22/2004,BELE-01,-99,-99,100,75,7
10/22/2004,BEAL-01,-99,-99,100,100,8
10/22/2004,QURU-01,-99,-99,60,8,9
10/22/2004,QUAL-04,-99,-99,75,10,10
10/22/2004,FAGR-01,-99,-99,17,1,11
10/22/2004,ACPE-01,-99,-99,97,12,12
10/22/2004,QUVE-01,-99,-99,72,20,13
10/22/2004,BEPA-01,-99,-99,100,95,14
10/22/2004,ACRU-02,-99,-99,100,100,15
10/22/2004,ACPE-02,-99,-99,100,99,16,
10/22/2004,NYSY-04,-99,-99,95,78,17,
10/22/2004,FAGR-05,-99,-99,60,10,18,
10/22/2004,ACPE-03,-99,-99,100,100,19,
10/22/2004,BEAL-02,-99,-99,100,100,20,
10/22/2004,BELE-02,-99,-99,100,99,21,
10/22/2004,FAGR-06,-99,-99,40,5,22,new tree
10/22/2004,AMSP-03,-99,-99,100,100,23,
10/22/2004,NYSY-02,-99,-99,100,100,24,
10/22/2004,BEAL-03,-99,-99,100,100,25,
10/22/2004,NYSY-03,-99,-99,100,100,26,
10/22/2004,QURU-02,-99,-99,95,75,27,
10/22/2004,ACRU-03,-99,-99,100,100,28,
10/22/2004,ACPE-04,-99,-99,100,100,29,
10/22/2004,QUVE-02,-99,-99,95,87,30,
10/22/2004,ACRU-04,-99,-99,100,100,31,
10/22/2004,QUAL-02,-99,-99,100,93,32
10/22/2004,BELE-03,-99,-99,100,98,33
10/22/2004,QUVE-03,-99,-99,95,87,34
10/22/2004,QUVE-04,-99,-99,90,12,35
10/22/2004,QURU-03,-99,-99,55,5,36
10/22/2004,PRSE-02,-99,-99,85,82,37
10/22/2004,BEPA-02,-99,-99,100,99,38
10/22/2004,BEPA-03,-99,-99,100,100,39
10/22/2004,BEPA-04,-99,-99,100,99,40
10/22/2004,FRAM-02,-99,-99,100,100,41
10/22/2004,FAGR-04,-99,-99,22,8,42
10/22/2004,QUAL-03,-99,-99,85,8,43
10/22/2004,ACSA-02,-99,-99,95,23,44
10/22/2004,FRAM-03,-99,-99,100,100,45
10/22/2004,ACSA-03,-99,-99,98,72,46
10/22/2004,PRSE-04,-99,-99,85,75,47
10/22/2004,QURU-04,-99,-99,65,13,48
10/22/2004,ACRU-05,-99,-99,100,99,49
10/22/2004,FRAM-04,-99,-99,80,82,50
10/28/2004,AMSP-01,-99,-99,100,100,1
10/28/2004,FRAM-01,-99,-99,100,100,2
10/28/2004,PRSE-01,-99,-99,95,85,3
10/28/2004,ACRU-01,-99,-99,100,100,4
10/28/2004,AMSP-02,-99,-99,100,99,5
10/28/2004,ACSA-01,-99,-99,100,33,6
10/28/2004,BELE-01,-99,-99,100,99,7
10/28/2004,BEAL-01,-99,-99,100,100,8
10/28/2004,QURU-01,-99,-99,77,10,9
10/28/2004,QUAL-04,-99,-99,85,20,10
10/28/2004,FAGR-01,-99,-99,80,3,11
10/28/2004,ACPE-01,-99,-99,100,35,12
10/28/2004,QUVE-01,-99,-99,92,23,13
10/28/2004,BEPA-01,-99,-99,100,100,14,
10/28/2004,ACRU-02,-99,-99,100,100,15,
10/28/2004,ACPE-02,-99,-99,100,100,16,
10/28/2004,NYSY-04,-99,-99,95,75,17,
10/28/2004,FAGR-05,-99,-99,99,22,18,
10/28/2004,ACPE-03,-99,-99,100,100,19,
10/28/2004,BEAL-02,-99,-99,100,100,20,
10/28/2004,BELE-02,-99,-99,100,99,21,
10/28/2004,FAGR-06,-99,-99,88,5,22,new tree
10/28/2004,AMSP-03,-99,-99,100,100,23,
10/28/2004,NYSY-02,-99,-99,100,100,24,
10/28/2004,BEAL-03,-99,-99,100,100,25,
10/28/2004,NYSY-03,-99,-99,100,100,26,
10/28/2004,QURU-02,-99,-99,100,92,27,
10/28/2004,ACRU-03,-99,-99,100,100,28,
10/28/2004,ACPE-04,-99,-99,100,100,29,
10/28/2004,QUVE-02,-99,-99,100,99,30
10/28/2004,ACRU-04,-99,-99,100,100,31
10/28/2004,QUAL-02,-99,-99,100,99,32
10/28/2004,BELE-03,-99,-99,100,100,33
10/28/2004,QUVE-03,-99,-99,100,90,34
10/28/2004,QUVE-04,-99,-99,97,35,35
10/28/2004,QURU-03,-99,-99,85,8,36
10/28/2004,PRSE-02,-99,-99,95,85,37
10/28/2004,BEPA-02,-99,-99,100,100,38
10/28/2004,BEPA-03,-99,-99,100,100,39
10/28/2004,BEPA-04,-99,-99,100,100,40
10/28/2004,FRAM-02,-99,-99,100,100,41
10/28/2004,FAGR-04,-99,-99,97,8,42
10/28/2004,QUAL-03,-99,-99,97,20,43
10/28/2004,ACSA-02,-99,-99,100,45,44
10/28/2004,FRAM-03,-99,-99,100,100,45
10/28/2004,ACSA-03,-99,-99,100,92,46
10/28/2004,PRSE-04,-99,-99,95,87,47
10/28/2004,QURU-04,-99,-99,95,12,48
10/28/2004,ACRU-05,-99,-99,100,100,49
10/28/2004,FRAM-04,-99,-99,100,100,50
11/4/2004,AMSP-01,-99,-99,100,100,1
11/4/2004,FRAM-01,-99,-99,100,100,2
11/4/2004,PRSE-01,-99,-99,100,100,3
11/4/2004,ACRU-01,-99,-99,100,100,4
11/4/2004,AMSP-02,-99,-99,100,100,5
11/4/2004,ACSA-01,-99,-99,100,100,6
11/4/2004,BELE-01,-99,-99,100,100,7
11/4/2004,BEAL-01,-99,-99,100,100,8
11/4/2004,QURU-01,-99,-99,100,93,9
11/4/2004,QUAL-04,-99,-99,97,65,10
11/4/2004,FAGR-01,-99,-99,99,10,11
11/4/2004,ACPE-01,-99,-99,100,100,12,
11/4/2004,QUVE-01,-99,-99,100,95,13,
11/4/2004,BEPA-01,-99,-99,100,100,14,
11/4/2004,ACRU-02,-99,-99,100,100,15,
11/4/2004,ACPE-02,-99,-99,100,100,16,
11/4/2004,NYSY-04,-99,-99,95,98,17,
11/4/2004,FAGR-05,-99,-99,100,95,18,
11/4/2004,ACPE-03,-99,-99,100,100,19,
11/4/2004,BEAL-02,-99,-99,100,100,20,
11/4/2004,BELE-02,-99,-99,100,100,21,
11/4/2004,FAGR-06,-99,-99,100,27,22,new tree
11/4/2004,AMSP-03,-99,-99,100,100,23,
11/4/2004,NYSY-02,-99,-99,100,100,24,
11/4/2004,BEAL-03,-99,-99,100,100,25,
11/4/2004,NYSY-03,-99,-99,100,100,26,
11/4/2004,QURU-02,-99,-99,100,99,27,
11/4/2004,ACRU-03,-99,-99,100,100,28
11/4/2004,ACPE-04,-99,-99,100,100,29
11/4/2004,QUVE-02,-99,-99,100,100,30
11/4/2004,ACRU-04,-99,-99,100,100,31
11/4/2004,QUAL-02,-99,-99,100,100,32
11/4/2004,BELE-03,-99,-99,100,100,33
11/4/2004,QUVE-03,-99,-99,100,99,34
11/4/2004,QUVE-04,-99,-99,100,95,35
11/4/2004,QURU-03,-99,-99,100,45,36
11/4/2004,PRSE-02,-99,-99,100,100,37
11/4/2004,BEPA-02,-99,-99,100,100,38
11/4/2004,BEPA-03,-99,-99,100,100,39
11/4/2004,BEPA-04,-99,-99,100,100,40
11/4/2004,FRAM-02,-99,-99,100,100,41
11/4/2004,FAGR-04,-99,-99,100,33,42
11/4/2004,QUAL-03,-99,-99,100,78,43
11/4/2004,ACSA-02,-99,-99,100,99,44
11/4/2004,FRAM-03,-99,-99,100,100,45
11/4/2004,ACSA-03,-99,-99,100,100,46
11/4/2004,PRSE-04,-99,-99,100,100,47
11/4/2004,QURU-04,-99,-99,100,45,48
11/4/2004,ACRU-05,-99,-99,100,100,49
11/4/2004,FRAM-04,-99,-99,100,100,50
11/16/2004,AMSP-01,-99,-99,100,100,1
11/16/2004,FRAM-01,-99,-99,100,100,2
11/16/2004,PRSE-01,-99,-99,100,100,3
11/16/2004,ACRU-01,-99,-99,100,100,4
11/16/2004,AMSP-02,-99,-99,100,100,5
11/16/2004,ACSA-01,-99,-99,100,100,6
11/16/2004,BELE-01,-99,-99,100,100,7
11/16/2004,BEAL-01,-99,-99,100,100,8
11/16/2004,QURU-01,-99,-99,100,100,9
11/16/2004,QUAL-04,-99,-99,100,97,10,
11/16/2004,FAGR-01,-99,-99,100,98,11,
11/16/2004,ACPE-01,-99,-99,100,100,12,
11/16/2004,QUVE-01,-99,-99,100,100,13,
11/16/2004,BEPA-01,-99,-99,100,100,14,
11/16/2004,ACRU-02,-99,-99,100,100,15,
11/16/2004,ACPE-02,-99,-99,100,100,16,
11/16/2004,NYSY-04,-99,-99,100,100,17,
11/16/2004,FAGR-05,-99,-99,100,100,18,
11/16/2004,ACPE-03,-99,-99,100,100,19,
11/16/2004,BEAL-02,-99,-99,100,100,20,
11/16/2004,BELE-02,-99,-99,100,100,21,
11/16/2004,FAGR-06,-99,-99,100,92,22,new tree
11/16/2004,AMSP-03,-99,-99,100,100,23,
11/16/2004,NYSY-02,-99,-99,100,100,24,
11/16/2004,BEAL-03,-99,-99,100,100,25,
11/16/2004,NYSY-03,-99,-99,100,100,26
11/16/2004,QURU-02,-99,-99,100,100,27
11/16/2004,ACRU-03,-99,-99,100,100,28
11/16/2004,ACPE-04,-99,-99,100,100,29
11/16/2004,QUVE-02,-99,-99,100,100,30
11/16/2004,ACRU-04,-99,-99,100,100,31
11/16/2004,QUAL-02,-99,-99,100,100,32
11/16/2004,BELE-03,-99,-99,100,100,33
11/16/2004,QUVE-03,-99,-99,100,100,34
11/16/2004,QUVE-04,-99,-99,100,100,35
11/16/2004,QURU-03,-99,-99,100,97,36
11/16/2004,PRSE-02,-99,-99,100,100,37
11/16/2004,BEPA-02,-99,-99,100,100,38
11/16/2004,BEPA-03,-99,-99,100,100,39
11/16/2004,BEPA-04,-99,-99,100,100,40
11/16/2004,FRAM-02,-99,-99,100,100,41
11/16/2004,FAGR-04,-99,-99,100,80,42
11/16/2004,QUAL-03,-99,-99,100,100,43
11/16/2004,ACSA-02,-99,-99,100,100,44
11/16/2004,FRAM-03,-99,-99,100,100,45
11/16/2004,ACSA-03,-99,-99,100,100,46
11/16/2004,PRSE-04,-99,-99,100,100,47
11/16/2004,QURU-04,-99,-99,100,97,48
11/16/2004,ACRU-05,-99,-99,100,100,49
11/16/2004,FRAM-04,-99,-99,100,100,50
