DATE,TREEID,FOPEN,FPAST,LCOLOR,LFALL,CIRCUIT,COMMENTS
9/3/2003,AMSP-01,-99,-99,0,0,1,
9/3/2003,FRAM-01,-99,-99,2,0,2,
9/3/2003,PRSE-01,-99,-99,5,2,3,
9/3/2003,ACRU-01,-99,-99,0,0,4,
9/3/2003,AMSP-02,-99,-99,1,0,5,
9/3/2003,ACSA-01,-99,-99,0,0,6,
9/3/2003,BELE-01,-99,-99,0,0,7,
9/3/2003,BEAL-01,-99,-99,1,0,8,
9/3/2003,QURU-01,-99,-99,0,0,9,
9/3/2003,QUAL-04,-99,-99,1,0,10,
9/3/2003,FAGR-01,-99,-99,0,0,11,
9/3/2003,ACPE-01,-99,-99,0,0,12,
9/3/2003,QUVE-01,-99,-99,0,0,13,
9/3/2003,BEPA-01,-99,-99,0,0,14,
9/3/2003,ACRU-02,-99,-99,2,0,15,
9/3/2003,ACPE-02,-99,-99,0,1,16,
9/3/2003,NYSY-04,-99,-99,0,0,17,
9/3/2003,FAGR-05,-99,-99,0,0,18,
9/3/2003,ACPE-03,-99,-99,1,0,19,
9/3/2003,BEAL-02,-99,-99,0,0,20,
9/3/2003,BELE-02,-99,-99,0,0,21,
9/3/2003,FAGR-03,-99,-99,25,0,22,tree dying
9/3/2003,AMSP-03,-99,-99,1,0,23,
9/3/2003,NYSY-02,-99,-99,2,0,24,
9/3/2003,BEAL-03,-99,-99,0,0,25,
9/3/2003,NYSY-03,-99,-99,1,0,26,
9/3/2003,QURU-02,-99,-99,0,0,27,
9/3/2003,ACRU-03,-99,-99,0,0,28,
9/3/2003,ACPE-04,-99,-99,1,0,29,
9/3/2003,QUVE-02,-99,-99,0,0,30,
9/3/2003,ACRU-04,-99,-99,0,0,31,
9/3/2003,QUAL-02,-99,-99,1,0,32
9/3/2003,BELE-03,-99,-99,0,0,33
9/3/2003,QUVE-03,-99,-99,0,0,34
9/3/2003,QUVE-04,-99,-99,0,0,35
9/3/2003,QURU-03,-99,-99,0,0,36
9/3/2003,PRSE-02,-99,-99,15,1,37
9/3/2003,BEPA-02,-99,-99,1,0,38
9/3/2003,BEPA-03,-99,-99,0,0,39
9/3/2003,BEPA-04,-99,-99,0,0,40
9/3/2003,FRAM-02,-99,-99,0,0,41
9/3/2003,FAGR-04,-99,-99,0,0,42
9/3/2003,QUAL-03,-99,-99,0,0,43
9/3/2003,ACSA-02,-99,-99,0,0,44
9/3/2003,FRAM-03,-99,-99,0,0,45
9/3/2003,ACSA-03,-99,-99,8,2,46
9/3/2003,PRSE-04,-99,-99,3,2,47
9/3/2003,QURU-04,-99,-99,0,0,48
9/3/2003,ACRU-05,-99,-99,0,0,49
9/3/2003,FRAM-04,-99,-99,0,0,50
9/10/2003,AMSP-01,-99,-99,0,0,1
9/10/2003,FRAM-01,-99,-99,7,0,2
9/10/2003,PRSE-01,-99,-99,18,5,3
9/10/2003,ACRU-01,-99,-99,1,0,4
9/10/2003,AMSP-02,-99,-99,2,1,5
9/10/2003,ACSA-01,-99,-99,0,0,6
9/10/2003,BELE-01,-99,-99,2,1,7
9/10/2003,BEAL-01,-99,-99,3,1,8
9/10/2003,QURU-01,-99,-99,0,0,9
9/10/2003,QUAL-04,-99,-99,1,0,10
9/10/2003,FAGR-01,-99,-99,0,0,11
9/10/2003,ACPE-01,-99,-99,1,0,12
9/10/2003,QUVE-01,-99,-99,1,0,13
9/10/2003,BEPA-01,-99,-99,1,0,14,
9/10/2003,ACRU-02,-99,-99,8,2,15,
9/10/2003,ACPE-02,-99,-99,2,1,16,
9/10/2003,NYSY-04,-99,-99,2,0,17,
9/10/2003,FAGR-05,-99,-99,0,0,18,
9/10/2003,ACPE-03,-99,-99,3,0,19,
9/10/2003,BEAL-02,-99,-99,2,1,20,
9/10/2003,BELE-02,-99,-99,0,0,21,
9/10/2003,FAGR-03,-99,-99,60,3,22,tree dying
9/10/2003,AMSP-03,-99,-99,3,0,23,
9/10/2003,NYSY-02,-99,-99,3,0,24,
9/10/2003,BEAL-03,-99,-99,1,0,25,
9/10/2003,NYSY-03,-99,-99,2,0,26,
9/10/2003,QURU-02,-99,-99,0,0,27,
9/10/2003,ACRU-03,-99,-99,1,0,28,
9/10/2003,ACPE-04,-99,-99,3,0,29,
9/10/2003,QUVE-02,-99,-99,0,0,30
9/10/2003,ACRU-04,-99,-99,7,1,31
9/10/2003,QUAL-02,-99,-99,15,0,32
9/10/2003,BELE-03,-99,-99,0,0,33
9/10/2003,QUVE-03,-99,-99,5,0,34
9/10/2003,QUVE-04,-99,-99,0,0,35
9/10/2003,QURU-03,-99,-99,0,0,36
9/10/2003,PRSE-02,-99,-99,25,1,37
9/10/2003,BEPA-02,-99,-99,1,0,38
9/10/2003,BEPA-03,-99,-99,0,0,39
9/10/2003,BEPA-04,-99,-99,3,2,40
9/10/2003,FRAM-02,-99,-99,0,0,41
9/10/2003,FAGR-04,-99,-99,0,0,42
9/10/2003,QUAL-03,-99,-99,0,0,43
9/10/2003,ACSA-02,-99,-99,0,0,44
9/10/2003,FRAM-03,-99,-99,0,0,45
9/10/2003,ACSA-03,-99,-99,22,3,46
9/10/2003,PRSE-04,-99,-99,5,2,47
9/10/2003,QURU-04,-99,-99,0,0,48
9/10/2003,ACRU-05,-99,-99,1,0,49
9/10/2003,FRAM-04,-99,-99,3,0,50
9/17/2003,AMSP-01,-99,-99,2,0,1
9/17/2003,FRAM-01,-99,-99,30,3,2
9/17/2003,PRSE-01,-99,-99,18,20,3
9/17/2003,ACRU-01,-99,-99,5,1,4
9/17/2003,AMSP-02,-99,-99,5,1,5
9/17/2003,ACSA-01,-99,-99,0,0,6
9/17/2003,BELE-01,-99,-99,25,3,7
9/17/2003,BEAL-01,-99,-99,10,3,8
9/17/2003,QURU-01,-99,-99,1,0,9
9/17/2003,QUAL-04,-99,-99,3,0,10
9/17/2003,FAGR-01,-99,-99,0,0,11
9/17/2003,ACPE-01,-99,-99,2,1,12,
9/17/2003,QUVE-01,-99,-99,3,0,13,
9/17/2003,BEPA-01,-99,-99,5,1,14,
9/17/2003,ACRU-02,-99,-99,15,5,15,
9/17/2003,ACPE-02,-99,-99,3,1,16,
9/17/2003,NYSY-04,-99,-99,5,0,17,
9/17/2003,FAGR-05,-99,-99,0,0,18,
9/17/2003,ACPE-03,-99,-99,2,0,19,
9/17/2003,BEAL-02,-99,-99,12,2,20,
9/17/2003,BELE-02,-99,-99,10,0,21,
9/17/2003,FAGR-03,-99,-99,80,25,22,tree dying
9/17/2003,AMSP-03,-99,-99,20,3,23,
9/17/2003,NYSY-02,-99,-99,2,2,24,
9/17/2003,BEAL-03,-99,-99,15,2,25,
9/17/2003,NYSY-03,-99,-99,5,2,26,
9/17/2003,QURU-02,-99,-99,1,0,27,
9/17/2003,ACRU-03,-99,-99,3,0,28
9/17/2003,ACPE-04,-99,-99,7,1,29
9/17/2003,QUVE-02,-99,-99,0,0,30
9/17/2003,ACRU-04,-99,-99,23,1,31
9/17/2003,QUAL-02,-99,-99,27,2,32
9/17/2003,BELE-03,-99,-99,3,1,33
9/17/2003,QUVE-03,-99,-99,10,1,34
9/17/2003,QUVE-04,-99,-99,0,0,35
9/17/2003,QURU-03,-99,-99,0,0,36
9/17/2003,PRSE-02,-99,-99,30,5,37
9/17/2003,BEPA-02,-99,-99,2,1,38
9/17/2003,BEPA-03,-99,-99,1,0,39
9/17/2003,BEPA-04,-99,-99,10,3,40
9/17/2003,FRAM-02,-99,-99,2,0,41
9/17/2003,FAGR-04,-99,-99,0,0,42
9/17/2003,QUAL-03,-99,-99,1,0,43
9/17/2003,ACSA-02,-99,-99,1,0,44
9/17/2003,FRAM-03,-99,-99,2,0,45
9/17/2003,ACSA-03,-99,-99,30,8,46
9/17/2003,PRSE-04,-99,-99,18,5,47
9/17/2003,QURU-04,-99,-99,2,0,48
9/17/2003,ACRU-05,-99,-99,8,2,49
9/17/2003,FRAM-04,-99,-99,5,0,50
9/24/2003,AMSP-01,-99,-99,15,1,1
9/24/2003,FRAM-01,-99,-99,50,7,2
9/24/2003,PRSE-01,-99,-99,13,23,3
9/24/2003,ACRU-01,-99,-99,15,3,4
9/24/2003,AMSP-02,-99,-99,12,2,5
9/24/2003,ACSA-01,-99,-99,1,0,6
9/24/2003,BELE-01,-99,-99,30,5,7
9/24/2003,BEAL-01,-99,-99,12,3,8
9/24/2003,QURU-01,-99,-99,3,0,9
9/24/2003,QUAL-04,-99,-99,3,1,10,
9/24/2003,FAGR-01,-99,-99,3,1,11,
9/24/2003,ACPE-01,-99,-99,5,1,12,
9/24/2003,QUVE-01,-99,-99,5,1,13,
9/24/2003,BEPA-01,-99,-99,15,3,14,
9/24/2003,ACRU-02,-99,-99,22,10,15,
9/24/2003,ACPE-02,-99,-99,5,1,16,
9/24/2003,NYSY-04,-99,-99,5,1,17,
9/24/2003,FAGR-05,-99,-99,3,0,18,
9/24/2003,ACPE-03,-99,-99,3,0,19,
9/24/2003,BEAL-02,-99,-99,10,2,20,
9/24/2003,BELE-02,-99,-99,10,1,21,
9/24/2003,FAGR-03,-99,-99,95,45,22,tree dying
9/24/2003,AMSP-03,-99,-99,35,12,23,
9/24/2003,NYSY-02,-99,-99,7,2,24,
9/24/2003,BEAL-03,-99,-99,35,5,25,
9/24/2003,NYSY-03,-99,-99,12,3,26
9/24/2003,QURU-02,-99,-99,3,0,27
9/24/2003,ACRU-03,-99,-99,10,1,28
9/24/2003,ACPE-04,-99,-99,15,1,29
9/24/2003,QUVE-02,-99,-99,1,0,30
9/24/2003,ACRU-04,-99,-99,30,5,31
9/24/2003,QUAL-02,-99,-99,45,5,32
9/24/2003,BELE-03,-99,-99,10,3,33
9/24/2003,QUVE-03,-99,-99,25,5,34
9/24/2003,QUVE-04,-99,-99,3,0,35
9/24/2003,QURU-03,-99,-99,3,0,36
9/24/2003,PRSE-02,-99,-99,23,5,37
9/24/2003,BEPA-02,-99,-99,5,1,38
9/24/2003,BEPA-03,-99,-99,8,1,39
9/24/2003,BEPA-04,-99,-99,40,7,40
9/24/2003,FRAM-02,-99,-99,20,1,41
9/24/2003,FAGR-04,-99,-99,2,0,42
9/24/2003,QUAL-03,-99,-99,3,1,43
9/24/2003,ACSA-02,-99,-99,1,1,44
9/24/2003,FRAM-03,-99,-99,3,0,45
9/24/2003,ACSA-03,-99,-99,28,10,46
9/24/2003,PRSE-04,-99,-99,30,15,47
9/24/2003,QURU-04,-99,-99,3,1,48
9/24/2003,ACRU-05,-99,-99,10,2,49
9/24/2003,FRAM-04,-99,-99,7,0,50
9/30/2003,AMSP-01,-99,-99,30,3,1
9/30/2003,FRAM-01,-99,-99,75,12,2
9/30/2003,PRSE-01,-99,-99,20,25,3
9/30/2003,ACRU-01,-99,-99,30,3,4
9/30/2003,AMSP-02,-99,-99,10,1,5
9/30/2003,ACSA-01,-99,-99,1,0,6
9/30/2003,BELE-01,-99,-99,30,5,7
9/30/2003,BEAL-01,-99,-99,25,3,8,
9/30/2003,QURU-01,-99,-99,3,0,9,
9/30/2003,QUAL-04,-99,-99,5,1,10,
9/30/2003,FAGR-01,-99,-99,1,1,11,
9/30/2003,ACPE-01,-99,-99,5,1,12,
9/30/2003,QUVE-01,-99,-99,5,3,13,
9/30/2003,BEPA-01,-99,-99,20,5,14,
9/30/2003,ACRU-02,-99,-99,45,15,15,
9/30/2003,ACPE-02,-99,-99,5,1,16,
9/30/2003,NYSY-04,-99,-99,10,1,17,
9/30/2003,FAGR-05,-99,-99,1,0,18,
9/30/2003,ACPE-03,-99,-99,7,1,19,
9/30/2003,BEAL-02,-99,-99,12,5,20,
9/30/2003,BELE-02,-99,-99,10,3,21,
9/30/2003,FAGR-03,-99,-99,100,90,22,tree dying
9/30/2003,AMSP-03,-99,-99,45,22,23,
9/30/2003,NYSY-02,-99,-99,17,2,24
9/30/2003,BEAL-03,-99,-99,65,5,25
9/30/2003,NYSY-03,-99,-99,50,5,26
9/30/2003,QURU-02,-99,-99,3,0,27
9/30/2003,ACRU-03,-99,-99,20,2,28
9/30/2003,ACPE-04,-99,-99,23,1,29
9/30/2003,QUVE-02,-99,-99,3,0,30
9/30/2003,ACRU-04,-99,-99,40,5,31
9/30/2003,QUAL-02,-99,-99,60,5,32
9/30/2003,BELE-03,-99,-99,27,2,33
9/30/2003,QUVE-03,-99,-99,35,10,34
9/30/2003,QUVE-04,-99,-99,3,0,35
9/30/2003,QURU-03,-99,-99,1,0,36
9/30/2003,PRSE-02,-99,-99,33,10,37
9/30/2003,BEPA-02,-99,-99,8,2,38
9/30/2003,BEPA-03,-99,-99,10,1,39
9/30/2003,BEPA-04,-99,-99,45,17,40
9/30/2003,FRAM-02,-99,-99,70,3,41
9/30/2003,FAGR-04,-99,-99,3,0,42
9/30/2003,QUAL-03,-99,-99,3,1,43
9/30/2003,ACSA-02,-99,-99,1,1,44
9/30/2003,FRAM-03,-99,-99,10,1,45
9/30/2003,ACSA-03,-99,-99,38,15,46
9/30/2003,PRSE-04,-99,-99,40,30,47
9/30/2003,QURU-04,-99,-99,5,1,48
9/30/2003,ACRU-05,-99,-99,20,2,49
9/30/2003,FRAM-04,-99,-99,12,1,50
10/6/2003,AMSP-01,-99,-99,45,8,1
10/6/2003,FRAM-01,-99,-99,95,45,2
10/6/2003,PRSE-01,-99,-99,23,25,3
10/6/2003,ACRU-01,-99,-99,40,8,4
10/6/2003,AMSP-02,-99,-99,18,2,5
10/6/2003,ACSA-01,-99,-99,2,0,6
10/6/2003,BELE-01,-99,-99,27,10,7
10/6/2003,BEAL-01,-99,-99,35,5,8
10/6/2003,QURU-01,-99,-99,5,0,9
10/6/2003,QUAL-04,-99,-99,5,1,10
10/6/2003,FAGR-01,-99,-99,2,1,11
10/6/2003,ACPE-01,-99,-99,12,1,12
10/6/2003,QUVE-01,-99,-99,8,1,13
10/6/2003,BEPA-01,-99,-99,35,5,14
10/6/2003,ACRU-02,-99,-99,65,30,15
10/6/2003,ACPE-02,-99,-99,15,3,16
10/6/2003,NYSY-04,-99,-99,20,3,17
10/6/2003,FAGR-05,-99,-99,1,0,18
10/6/2003,ACPE-03,-99,-99,10,2,19
10/6/2003,BEAL-02,-99,-99,30,5,20
10/6/2003,BELE-02,-99,-99,18,3,21
10/6/2003,FAGR-03,-99,-99,100,97,22,tree dying
10/6/2003,AMSP-03,-99,-99,40,45,23,
10/6/2003,NYSY-02,-99,-99,18,5,24,
10/6/2003,BEAL-03,-99,-99,70,25,25,
10/6/2003,NYSY-03,-99,-99,65,20,26,
10/6/2003,QURU-02,-99,-99,5,0,27,
10/6/2003,ACRU-03,-99,-99,90,5,28,
10/6/2003,ACPE-04,-99,-99,35,5,29,
10/6/2003,QUVE-02,-99,-99,8,1,30,
10/6/2003,ACRU-04,-99,-99,55,10,31,
10/6/2003,QUAL-02,-99,-99,70,10,32,
10/6/2003,BELE-03,-99,-99,35,5,33,
10/6/2003,QUVE-03,-99,-99,33,20,34,
10/6/2003,QUVE-04,-99,-99,5,0,35,
10/6/2003,QURU-03,-99,-99,5,0,36,
10/6/2003,PRSE-02,-99,-99,40,23,37,
10/6/2003,BEPA-02,-99,-99,23,5,38
10/6/2003,BEPA-03,-99,-99,18,7,39
10/6/2003,BEPA-04,-99,-99,55,23,40
10/6/2003,FRAM-02,-99,-99,70,5,41
10/6/2003,FAGR-04,-99,-99,3,1,42
10/6/2003,QUAL-03,-99,-99,7,1,43
10/6/2003,ACSA-02,-99,-99,5,1,44
10/6/2003,FRAM-03,-99,-99,10,3,45
10/6/2003,ACSA-03,-99,-99,45,20,46
10/6/2003,PRSE-04,-99,-99,40,25,47
10/6/2003,QURU-04,-99,-99,7,1,48
10/6/2003,ACRU-05,-99,-99,22,7,49
10/6/2003,FRAM-04,-99,-99,10,1,50
10/10/2003,AMSP-01,-99,-99,85,15,1
10/10/2003,FRAM-01,-99,-99,98,78,2
10/10/2003,PRSE-01,-99,-99,65,33,3
10/10/2003,ACRU-01,-99,-99,98,17,4
10/10/2003,AMSP-02,-99,-99,60,5,5
10/10/2003,ACSA-01,-99,-99,18,1,6
10/10/2003,BELE-01,-99,-99,37,15,7
10/10/2003,BEAL-01,-99,-99,92,20,8
10/10/2003,QURU-01,-99,-99,12,0,9
10/10/2003,QUAL-04,-99,-99,40,1,10
10/10/2003,FAGR-01,-99,-99,2,1,11
10/10/2003,ACPE-01,-99,-99,30,3,12
10/10/2003,QUVE-01,-99,-99,15,5,13
10/10/2003,BEPA-01,-99,-99,85,23,14
10/10/2003,ACRU-02,-99,-99,98,47,15
10/10/2003,ACPE-02,-99,-99,27,3,16
10/10/2003,NYSY-04,-99,-99,50,20,17
10/10/2003,FAGR-05,-99,-99,12,0,18
10/10/2003,ACPE-03,-99,-99,70,5,19
10/10/2003,BEAL-02,-99,-99,90,10,20,
10/10/2003,BELE-02,-99,-99,75,7,21,
10/10/2003,FAGR-03,-99,-99,100,99,22,tree dying
10/10/2003,AMSP-03,-99,-99,70,55,23,
10/10/2003,NYSY-02,-99,-99,75,20,24,
10/10/2003,BEAL-03,-99,-99,99,35,25,
10/10/2003,NYSY-03,-99,-99,85,42,26,
10/10/2003,QURU-02,-99,-99,40,3,27,
10/10/2003,ACRU-03,-99,-99,100,10,28,
10/10/2003,ACPE-04,-99,-99,90,10,29,
10/10/2003,QUVE-02,-99,-99,20,5,30,
10/10/2003,ACRU-04,-99,-99,90,50,31,
10/10/2003,QUAL-02,-99,-99,83,22,32,
10/10/2003,BELE-03,-99,-99,65,17,33,
10/10/2003,QUVE-03,-99,-99,60,23,34,
10/10/2003,QUVE-04,-99,-99,17,1,35,
10/10/2003,QURU-03,-99,-99,12,1,36
10/10/2003,PRSE-02,-99,-99,55,40,37
10/10/2003,BEPA-02,-99,-99,85,12,38
10/10/2003,BEPA-03,-99,-99,90,17,39
10/10/2003,BEPA-04,-99,-99,85,50,40
10/10/2003,FRAM-02,-99,-99,90,38,41
10/10/2003,FAGR-04,-99,-99,10,1,42
10/10/2003,QUAL-03,-99,-99,22,1,43
10/10/2003,ACSA-02,-99,-99,30,3,44
10/10/2003,FRAM-03,-99,-99,37,15,45
10/10/2003,ACSA-03,-99,-99,80,40,46
10/10/2003,PRSE-04,-99,-99,60,40,47
10/10/2003,QURU-04,-99,-99,18,2,48
10/10/2003,ACRU-05,-99,-99,75,12,49
10/10/2003,FRAM-04,-99,-99,22,3,50
10/14/2003,AMSP-01,-99,-99,100,70,1
10/14/2003,FRAM-01,-99,-99,100,100,2
10/14/2003,PRSE-01,-99,-99,83,50,3
10/14/2003,ACRU-01,-99,-99,100,97,4
10/14/2003,AMSP-02,-99,-99,95,10,5
10/14/2003,ACSA-01,-99,-99,60,3,6
10/14/2003,BELE-01,-99,-99,97,27,7
10/14/2003,BEAL-01,-99,-99,98,77,8
10/14/2003,QURU-01,-99,-99,40,3,9
10/14/2003,QUAL-04,-99,-99,80,3,10
10/14/2003,FAGR-01,-99,-99,5,1,11
10/14/2003,ACPE-01,-99,-99,70,5,12
10/14/2003,QUVE-01,-99,-99,45,10,13
10/14/2003,BEPA-01,-99,-99,95,47,14
10/14/2003,ACRU-02,-99,-99,100,92,15
10/14/2003,ACPE-02,-99,-99,98,5,16
10/14/2003,NYSY-04,-99,-99,75,30,17
10/14/2003,FAGR-05,-99,-99,37,2,18,
10/14/2003,ACPE-03,-99,-99,100,22,19,
10/14/2003,BEAL-02,-99,-99,100,40,20,
10/14/2003,BELE-02,-99,-99,99,17,21,
10/14/2003,FAGR-03,-99,-99,100,99,22,tree dying
10/14/2003,AMSP-03,-99,-99,100,78,23,
10/14/2003,NYSY-02,-99,-99,100,57,24,
10/14/2003,BEAL-03,-99,-99,100,95,25,
10/14/2003,NYSY-03,-99,-99,98,65,26,
10/14/2003,QURU-02,-99,-99,82,10,27,
10/14/2003,ACRU-03,-99,-99,100,98,28,
10/14/2003,ACPE-04,-99,-99,100,20,29,
10/14/2003,QUVE-02,-99,-99,85,15,30,
10/14/2003,ACRU-04,-99,-99,95,90,31,
10/14/2003,QUAL-02,-99,-99,100,55,32,
10/14/2003,BELE-03,-99,-99,99,33,33,
10/14/2003,QUVE-03,-99,-99,90,40,34
10/14/2003,QUVE-04,-99,-99,80,5,35
10/14/2003,QURU-03,-99,-99,35,3,36
10/14/2003,PRSE-02,-99,-99,75,60,37
10/14/2003,BEPA-02,-99,-99,97,82,38
10/14/2003,BEPA-03,-99,-99,80,80,39
10/14/2003,BEPA-04,-99,-99,100,75,40
10/14/2003,FRAM-02,-99,-99,100,100,41
10/14/2003,FAGR-04,-99,-99,10,2,42
10/14/2003,QUAL-03,-99,-99,35,5,43
10/14/2003,ACSA-02,-99,-99,85,5,44
10/14/2003,FRAM-03,-99,-99,60,55,45
10/14/2003,ACSA-03,-99,-99,80,55,46
10/14/2003,PRSE-04,-99,-99,75,40,47
10/14/2003,QURU-04,-99,-99,35,5,48
10/14/2003,ACRU-05,-99,-99,97,45,49
10/14/2003,FRAM-04,-99,-99,55,12,50
10/18/2003,AMSP-01,-99,-99,100,99,1
10/18/2003,FRAM-01,-99,-99,100,100,2
10/18/2003,PRSE-01,-99,-99,85,70,3
10/18/2003,ACRU-01,-99,-99,100,100,4
10/18/2003,AMSP-02,-99,-99,100,60,5
10/18/2003,ACSA-01,-99,-99,80,15,6
10/18/2003,BELE-01,-99,-99,99,35,7
10/18/2003,BEAL-01,-99,-99,100,99,8
10/18/2003,QURU-01,-99,-99,45,10,9
10/18/2003,QUAL-04,-99,-99,85,10,10
10/18/2003,FAGR-01,-99,-99,5,1,11
10/18/2003,ACPE-01,-99,-99,88,18,12
10/18/2003,QUVE-01,-99,-99,65,17,13
10/18/2003,BEPA-01,-99,-99,100,88,14
10/18/2003,ACRU-02,-99,-99,100,100,15
10/18/2003,ACPE-02,-99,-99,100,25,16,
10/18/2003,NYSY-04,-99,-99,88,45,17,
10/18/2003,FAGR-05,-99,-99,57,2,18,
10/18/2003,ACPE-03,-99,-99,100,65,19,
10/18/2003,BEAL-02,-99,-99,100,99,20,
10/18/2003,BELE-02,-99,-99,100,95,21,
10/18/2003,FAGR-03,-99,-99,100,100,22,tree dying
10/18/2003,AMSP-03,-99,-99,100,100,23,
10/18/2003,NYSY-02,-99,-99,100,99,24,
10/18/2003,BEAL-03,-99,-99,100,100,25,
10/18/2003,NYSY-03,-99,-99,100,97,26,
10/18/2003,QURU-02,-99,-99,95,20,27,
10/18/2003,ACRU-03,-99,-99,100,100,28,
10/18/2003,ACPE-04,-99,-99,100,99,29,
10/18/2003,QUVE-02,-99,-99,95,90,30,
10/18/2003,ACRU-04,-99,-99,100,98,31,
10/18/2003,QUAL-02,-99,-99,100,88,32
10/18/2003,BELE-03,-99,-99,100,82,33
10/18/2003,QUVE-03,-99,-99,98,88,34
10/18/2003,QUVE-04,-99,-99,95,17,35
10/18/2003,QURU-03,-99,-99,50,5,36
10/18/2003,PRSE-02,-99,-99,75,72,37
10/18/2003,BEPA-02,-99,-99,100,99,38
10/18/2003,BEPA-03,-99,-99,60,97,39
10/18/2003,BEPA-04,-99,-99,100,98,40
10/18/2003,FRAM-02,-99,-99,100,100,41
10/18/2003,FAGR-04,-99,-99,12,3,42
10/18/2003,QUAL-03,-99,-99,45,10,43
10/18/2003,ACSA-02,-99,-99,97,12,44
10/18/2003,FRAM-03,-99,-99,100,99,45
10/18/2003,ACSA-03,-99,-99,98,65,46
10/18/2003,PRSE-04,-99,-99,80,60,47
10/18/2003,QURU-04,-99,-99,60,8,48
10/18/2003,ACRU-05,-99,-99,100,83,49
10/18/2003,FRAM-04,-99,-99,85,50,50
10/24/2003,AMSP-01,-99,-99,100,100,1
10/24/2003,FRAM-01,-99,-99,100,100,2
10/24/2003,PRSE-01,-99,-99,95,83,3
10/24/2003,ACRU-01,-99,-99,100,100,4
10/24/2003,AMSP-02,-99,-99,100,80,5
10/24/2003,ACSA-01,-99,-99,95,35,6
10/24/2003,BELE-01,-99,-99,100,93,7
10/24/2003,BEAL-01,-99,-99,100,100,8
10/24/2003,QURU-01,-99,-99,55,15,9
10/24/2003,QUAL-04,-99,-99,95,25,10
10/24/2003,FAGR-01,-99,-99,20,3,11
10/24/2003,ACPE-01,-99,-99,99,55,12
10/24/2003,QUVE-01,-99,-99,82,25,13
10/24/2003,BEPA-01,-99,-99,100,98,14,
10/24/2003,ACRU-02,-99,-99,100,100,15,
10/24/2003,ACPE-02,-99,-99,100,100,16,
10/24/2003,NYSY-04,-99,-99,75,75,17,
10/24/2003,FAGR-05,-99,-99,60,7,18,
10/24/2003,ACPE-03,-99,-99,100,100,19,
10/24/2003,BEAL-02,-99,-99,100,100,20,
10/24/2003,BELE-02,-99,-99,100,100,21,
10/24/2003,FAGR-03,-99,-99,100,100,22,tree dying
10/24/2003,AMSP-03,-99,-99,100,100,23,
10/24/2003,NYSY-02,-99,-99,100,100,24,
10/24/2003,BEAL-03,-99,-99,100,100,25,
10/24/2003,NYSY-03,-99,-99,100,100,26,
10/24/2003,QURU-02,-99,-99,100,72,27,
10/24/2003,ACRU-03,-99,-99,100,100,28,
10/24/2003,ACPE-04,-99,-99,100,100,29,
10/24/2003,QUVE-02,-99,-99,100,99,30
10/24/2003,ACRU-04,-99,-99,100,100,31
10/24/2003,QUAL-02,-99,-99,100,100,32
10/24/2003,BELE-03,-99,-99,100,100,33
10/24/2003,QUVE-03,-99,-99,97,90,34
10/24/2003,QUVE-04,-99,-99,98,80,35
10/24/2003,QURU-03,-99,-99,85,12,36
10/24/2003,PRSE-02,-99,-99,95,85,37
10/24/2003,BEPA-02,-99,-99,100,100,38
10/24/2003,BEPA-03,-99,-99,100,98,39
10/24/2003,BEPA-04,-99,-99,100,100,40
10/24/2003,FRAM-02,-99,-99,100,100,41
10/24/2003,FAGR-04,-99,-99,20,3,42
10/24/2003,QUAL-03,-99,-99,67,7,43
10/24/2003,ACSA-02,-99,-99,100,63,44
10/24/2003,FRAM-03,-99,-99,100,100,45
10/24/2003,ACSA-03,-99,-99,100,83,46
10/24/2003,PRSE-04,-99,-99,90,75,47
10/24/2003,QURU-04,-99,-99,75,20,48
10/24/2003,ACRU-05,-99,-99,100,99,49
10/24/2003,FRAM-04,-99,-99,100,77,50
11/2/2003,AMSP-01,-99,-99,100,100,1
11/2/2003,FRAM-01,-99,-99,100,100,2
11/2/2003,PRSE-01,-99,-99,100,100,3
11/2/2003,ACRU-01,-99,-99,100,100,4
11/2/2003,AMSP-02,-99,-99,100,100,5
11/2/2003,ACSA-01,-99,-99,100,95,6
11/2/2003,BELE-01,-99,-99,100,100,7
11/2/2003,BEAL-01,-99,-99,100,100,8
11/2/2003,QURU-01,-99,-99,100,55,9
11/2/2003,QUAL-04,-99,-99,100,85,10
11/2/2003,FAGR-01,-99,-99,100,5,11
11/2/2003,ACPE-01,-99,-99,100,95,12,
11/2/2003,QUVE-01,-99,-99,100,70,13,
11/2/2003,BEPA-01,-99,-99,100,100,14,
11/2/2003,ACRU-02,-99,-99,100,100,15,
11/2/2003,ACPE-02,-99,-99,100,100,16,
11/2/2003,NYSY-04,-99,-99,99,97,17,
11/2/2003,FAGR-05,-99,-99,100,67,18,
11/2/2003,ACPE-03,-99,-99,100,100,19,
11/2/2003,BEAL-02,-99,-99,100,100,20,
11/2/2003,BELE-02,-99,-99,100,100,21,
11/2/2003,FAGR-03,-99,-99,100,100,22,tree dying
11/2/2003,AMSP-03,-99,-99,100,100,23,
11/2/2003,NYSY-02,-99,-99,100,100,24,
11/2/2003,BEAL-03,-99,-99,100,100,25,
11/2/2003,NYSY-03,-99,-99,100,100,26,
11/2/2003,QURU-02,-99,-99,100,100,27,
11/2/2003,ACRU-03,-99,-99,100,100,28
11/2/2003,ACPE-04,-99,-99,100,100,29
11/2/2003,QUVE-02,-99,-99,100,100,30
11/2/2003,ACRU-04,-99,-99,100,100,31
11/2/2003,QUAL-02,-99,-99,100,100,32
11/2/2003,BELE-03,-99,-99,100,100,33
11/2/2003,QUVE-03,-99,-99,100,97,34
11/2/2003,QUVE-04,-99,-99,100,98,35
11/2/2003,QURU-03,-99,-99,100,42,36
11/2/2003,PRSE-02,-99,-99,100,100,37
11/2/2003,BEPA-02,-99,-99,100,100,38
11/2/2003,BEPA-03,-99,-99,100,100,39
11/2/2003,BEPA-04,-99,-99,100,100,40
11/2/2003,FRAM-02,-99,-99,100,100,41
11/2/2003,FAGR-04,-99,-99,100,20,42
11/2/2003,QUAL-03,-99,-99,100,35,43
11/2/2003,ACSA-02,-99,-99,100,99,44
11/2/2003,FRAM-03,-99,-99,100,100,45
11/2/2003,ACSA-03,-99,-99,100,100,46
11/2/2003,PRSE-04,-99,-99,100,100,47
11/2/2003,QURU-04,-99,-99,100,23,48
11/2/2003,ACRU-05,-99,-99,100,100,49
11/2/2003,FRAM-04,-99,-99,100,100,50
11/10/2003,AMSP-01,-99,-99,100,100,1
11/10/2003,FRAM-01,-99,-99,100,100,2
11/10/2003,PRSE-01,-99,-99,100,100,3
11/10/2003,ACRU-01,-99,-99,100,100,4
11/10/2003,AMSP-02,-99,-99,100,100,5
11/10/2003,ACSA-01,-99,-99,100,100,6
11/10/2003,BELE-01,-99,-99,100,100,7
11/10/2003,BEAL-01,-99,-99,100,100,8
11/10/2003,QURU-01,-99,-99,100,100,9
11/10/2003,QUAL-04,-99,-99,100,100,10,
11/10/2003,FAGR-01,-99,-99,100,90,11,
11/10/2003,ACPE-01,-99,-99,100,100,12,
11/10/2003,QUVE-01,-99,-99,100,99,13,
11/10/2003,BEPA-01,-99,-99,100,100,14,
11/10/2003,ACRU-02,-99,-99,100,100,15,
11/10/2003,ACPE-02,-99,-99,100,100,16,
11/10/2003,NYSY-04,-99,-99,100,100,17,
11/10/2003,FAGR-05,-99,-99,100,98,18,
11/10/2003,ACPE-03,-99,-99,100,100,19,
11/10/2003,BEAL-02,-99,-99,100,100,20,
11/10/2003,BELE-02,-99,-99,100,100,21,
11/10/2003,FAGR-03,-99,-99,100,100,22,tree dying
11/10/2003,AMSP-03,-99,-99,100,100,23,
11/10/2003,NYSY-02,-99,-99,100,100,24,
11/10/2003,BEAL-03,-99,-99,100,100,25,
11/10/2003,NYSY-03,-99,-99,100,100,26
11/10/2003,QURU-02,-99,-99,100,100,27
11/10/2003,ACRU-03,-99,-99,100,100,28
11/10/2003,ACPE-04,-99,-99,100,100,29
11/10/2003,QUVE-02,-99,-99,100,100,30
11/10/2003,ACRU-04,-99,-99,100,100,31
11/10/2003,QUAL-02,-99,-99,100,100,32
11/10/2003,BELE-03,-99,-99,100,100,33
11/10/2003,QUVE-03,-99,-99,100,100,34
11/10/2003,QUVE-04,-99,-99,100,99,35
11/10/2003,QURU-03,-99,-99,100,100,36
11/10/2003,PRSE-02,-99,-99,100,100,37
11/10/2003,BEPA-02,-99,-99,100,100,38
11/10/2003,BEPA-03,-99,-99,100,100,39
11/10/2003,BEPA-04,-99,-99,100,100,40
11/10/2003,FRAM-02,-99,-99,100,100,41
11/10/2003,FAGR-04,-99,-99,100,65,42
11/10/2003,QUAL-03,-99,-99,100,100,43
11/10/2003,ACSA-02,-99,-99,100,99,44
11/10/2003,FRAM-03,-99,-99,100,100,45
11/10/2003,ACSA-03,-99,-99,100,100,46
11/10/2003,PRSE-04,-99,-99,100,100,47
11/10/2003,QURU-04,-99,-99,100,97,48
11/10/2003,ACRU-05,-99,-99,100,100,49
11/10/2003,FRAM-04,-99,-99,100,100,50
