DATE,JULIAN,TREEID,CIRCUIT,BCON,BBRK,FBUD,FOPN,FPST,SEX,LENGTH,WIDTH,LFIN,L75,L95,TIP,COMMENTS
4/1/2003,91,AMSP-01,1,SS,0,-99,-99,-99,-99,-99,-99,-99,-99,-99,-99,
4/1/2003,91,FRAM-01,2,NS,0,ND,0,0,ND,0,-99,0,0,0,0,
4/1/2003,91,PRSE-01,3,MS,0,-99,-99,-99,-99,-99,-99,-99,-99,-99,-99,
4/1/2003,91,VICA-01,4,SS,0,-99,-99,-99,-99,-99,-99,-99,-99,-99,-99,
4/1/2003,91,ACRU-01,5,SS,0,SS,0,0,ND,-99,-99,0,0,0,0,
4/1/2003,91,SAPU-01,6,MS,0,MS,0,0,-99,-99,-99,-99,-99,-99,-99,
4/1/2003,91,COAL-01,7,MS,0,-99,-99,-99,-99,-99,-99,-99,-99,-99,-99,
4/1/2003,91,AMSP-02,8,SS,0,-99,-99,-99,-99,-99,-99,-99,-99,-99,-99,
4/1/2003,91,ACSA-01,9,NS,0,ND,0,0,ND,0,0,0,0,0,0,
4/1/2003,91,BELE-01,10,NS,0,-99,-99,-99,-99,-99,-99,-99,-99,-99,-99,
4/1/2003,91,SAPU-03,11,SS,0,-99,-99,-99,-99,-99,-99,-99,-99,-99,-99,
4/1/2003,91,SAPU-04,12,VS,0,VS,0,0,-99,-99,-99,-99,-99,-99,-99,
4/1/2003,91,BEAL-01,13,NS,0,ND,0,0,ND,0,-99,0,0,0,0,
4/1/2003,91,COAL-04,14,-99,-99,-99,-99,-99,-99,-99,-99,-99,-99,-99,-99,dead
4/1/2003,91,QURU-01,15,NS,0,ND,0,0,ND,-99,-99,0,0,0,0,
4/1/2003,91,VICA-02,16,SS,0,-99,-99,-99,-99,-99,-99,-99,-99,-99,-99,
4/1/2003,91,QUAL-04,17,NS,0,ND,0,0,ND,0,-99,0,0,0,0,
4/1/2003,91,FAGR-01,18,NS,0,-99,-99,-99,-99,-99,-99,-99,-99,-99,-99,
4/1/2003,91,VIAL-01,19,NS,0,-99,-99,-99,-99,-99,-99,-99,-99,-99,-99,
4/1/2003,91,ACPE-01,20,SS,0,ND,0,0,ND,0,0,0,0,0,0,
4/1/2003,91,QUVE-01,21,NS,0,-99,-99,-99,-99,-99,-99,-99,-99,-99,-99,
4/1/2003,91,BEPA-01,22,NS,0,-99,-99,-99,-99,-99,-99,-99,-99,-99,-99,
4/1/2003,91,CRSP-01,23,NS,0,-99,-99,-99,-99,-99,-99,-99,-99,-99,-99,
4/1/2003,91,ACRU-02,24,MS,0,MS,0,0,ND,0,0,0,0,0,0,
4/1/2003,91,ACPE-02,25,SS,0,ND,0,0,ND,0,0,0,0,0,0,
4/1/2003,91,FAGR-05,26,NS,0,-99,-99,-99,-99,-99,-99,-99,-99,-99,-99,
4/1/2003,91,ACPE-03,27,NS,0,ND,0,0,ND,0,0,0,0,0,0,
4/1/2003,91,HAVI-01,28,SS,0,ND,0,0,ND,0,-99,0,0,0,0,
4/1/2003,91,BEAL-02,29,NS,0,ND,0,0,ND,0,-99,0,0,0,0,
4/1/2003,91,BELE-02,30,NS,0,-99,-99,-99,-99,-99,-99,-99,-99,-99,-99,
4/1/2003,91,VICA-03,31,-99,-99,-99,-99,-99,-99,-99,-99,-99,-99,-99,-99,can't find
4/1/2003,91,VIAL-02,32,NS,0,-99,-99,-99,-99,-99,-99,-99,-99,-99,-99
4/1/2003,91,FAGR-03,33,NS,0,-99,-99,-99,-99,-99,-99,-99,-99,-99,-99
4/1/2003,91,AMSP-03,34,NS,0,-99,-99,-99,-99,-99,-99,-99,-99,-99,-99
4/1/2003,91,BEAL-03,35,NS,0,ND,0,0,ND,0,-99,0,0,0,0
4/1/2003,91,HAVI-02,36,SS,0,ND,0,0,ND,0,-99,0,0,0,0
4/1/2003,91,QURU-02,37,NS,0,ND,0,0,ND,-99,-99,0,0,0,0
4/1/2003,91,ACRU-03,38,SS,0,MS,0,0,ND,-99,-99,0,0,0,0
4/1/2003,91,VIAL-03,39,NS,0,-99,-99,-99,-99,-99,-99,-99,-99,-99,-99
4/1/2003,91,ACPE-04,40,NS,0,ND,0,0,ND,0,0,0,0,0,0
4/1/2003,91,QUVE-02,41,NS,0,-99,-99,-99,-99,-99,-99,-99,-99,-99,-99
4/1/2003,91,ACRU-04,42,SS,0,MS,0,0,ND,0,0,0,0,0,0
4/1/2003,91,QUAL-02,43,NS,0,ND,0,0,ND,0,-99,0,0,0,0
4/1/2003,91,CRSP-03,44,SS,0,-99,-99,-99,-99,-99,-99,-99,-99,-99,-99
4/1/2003,91,BELE-03,45,SS,0,-99,-99,-99,-99,-99,-99,-99,-99,-99,-99
4/1/2003,91,HAVI-03,46,SS,0,ND,0,0,ND,0,-99,0,0,0,0
4/1/2003,91,QUVE-03,47,NS,0,-99,-99,-99,-99,-99,-99,-99,-99,-99,-99
4/1/2003,91,QUVE-04,48,NS,0,-99,-99,-99,-99,-99,-99,-99,-99,-99,-99
4/1/2003,91,QURU-03,49,NS,0,ND,0,0,ND,-99,-99,0,0,0,0
4/1/2003,91,CRSP-02,50,MS,0,-99,-99,-99,-99,-99,-99,-99,-99,-99,-99
4/1/2003,91,PRSE-02,51,MS,0,-99,-99,-99,-99,-99,-99,-99,-99,-99,-99
4/1/2003,91,BEPA-02,52,SS,0,-99,-99,-99,-99,-99,-99,-99,-99,-99,-99
4/1/2003,91,BEPA-03,53,NS,0,-99,-99,-99,-99,-99,-99,-99,-99,-99,-99
4/1/2003,91,BEPA-04,54,NS,0,-99,-99,-99,-99,-99,-99,-99,-99,-99,-99
4/1/2003,91,COAL-03,55,SS,0,-99,-99,-99,-99,-99,-99,-99,-99,-99,-99
4/1/2003,91,FRAM-02,56,NS,0,ND,0,0,ND,-99,-99,0,0,0,0
4/1/2003,91,FAGR-04,57,NS,0,-99,-99,-99,-99,-99,-99,-99,-99,-99,-99
4/1/2003,91,QUAL-03,58,NS,0,ND,0,0,ND,0,-99,0,0,0,0
4/1/2003,91,ACSA-02,59,SS,0,ND,0,0,ND,0,0,0,0,0,0
4/1/2003,91,FRAM-03,60,NS,0,ND,0,0,ND,0,-99,0,0,0,0
4/1/2003,91,SAPU-02,61,MS,0,MS,0,0,-99,-99,-99,-99,-99,-99,-99
4/1/2003,91,POTR-04,62,SS,0,VS,0,0,-99,-99,-99,-99,-99,-99,-99
4/1/2003,91,ACSA-03,63,NS,0,ND,0,0,ND,-99,-99,0,0,0,0
4/1/2003,91,PRSE-04,64,MS,0,-99,-99,-99,-99,-99,-99,-99,-99,-99,-99
4/1/2003,91,QURU-04,65,NS,0,ND,0,0,ND,0,-99,0,0,0,0
4/1/2003,91,ACRU-05,66,MS,0,MS,0,0,,0,0,0,0,0,0
4/1/2003,91,FRAM-04,67,NS,0,ND,0,0,ND,0,-99,0,0,0,0
4/1/2003,91,POTR-02,68,SS,0,VS,0,0,-99,-99,-99,-99,-99,-99,-99
4/10/2003,100,AMSP-01,1,MS,0,-99,-99,-99,-99,-99,-99,-99,-99,-99,-99
4/10/2003,100,FRAM-01,2,NS,0,ND,0,0,ND,0,-99,0,0,0,0
4/10/2003,100,PRSE-01,3,VS,0,-99,-99,-99,-99,-99,-99,-99,-99,-99,-99
4/10/2003,100,VICA-01,4,SS,0,-99,-99,-99,-99,-99,-99,-99,-99,-99,-99
4/10/2003,100,ACRU-01,5,MS,0,VS,0,0,ND,-99,-99,0,0,0,0
4/10/2003,100,SAPU-01,6,MS,0,MS,0,0,-99,-99,-99,-99,-99,-99,-99
4/10/2003,100,COAL-01,7,MS,0,-99,-99,-99,-99,-99,-99,-99,-99,-99,-99
4/10/2003,100,AMSP-02,8,MS,0,-99,-99,-99,-99,-99,-99,-99,-99,-99,-99
4/10/2003,100,ACSA-01,9,NS,0,ND,0,0,ND,0,0,0,0,0,0
4/10/2003,100,BELE-01,10,SS,0,-99,-99,-99,-99,-99,-99,-99,-99,-99,-99
4/10/2003,100,SAPU-03,11,MS,0,-99,-99,-99,-99,-99,-99,-99,-99,-99,-99
4/10/2003,100,SAPU-04,12,VS,0,VS,0,0,-99,-99,-99,-99,-99,-99,-99,
4/10/2003,100,BEAL-01,13,SS,0,ND,0,0,ND,0,-99,0,0,0,0,
4/10/2003,100,COAL-04,14,-99,-99,-99,-99,-99,-99,-99,-99,-99,-99,-99,-99,dead
4/10/2003,100,QURU-01,15,NS,0,ND,0,0,ND,-99,-99,0,0,0,0,
4/10/2003,100,VICA-02,16,SS,0,-99,-99,-99,-99,-99,-99,-99,-99,-99,-99,
4/10/2003,100,QUAL-04,17,NS,0,ND,0,0,ND,0,-99,0,0,0,0,
4/10/2003,100,FAGR-01,18,NS,0,-99,-99,-99,-99,-99,-99,-99,-99,-99,-99,
4/10/2003,100,VIAL-01,19,NS,0,-99,-99,-99,-99,-99,-99,-99,-99,-99,-99,
4/10/2003,100,ACPE-01,20,SS,0,ND,0,0,ND,0,0,0,0,0,0,most outer scales just splitting
4/10/2003,100,QUVE-01,21,NS,0,-99,-99,-99,-99,-99,-99,-99,-99,-99,-99,
4/10/2003,100,BEPA-01,22,NS,0,-99,-99,-99,-99,-99,-99,-99,-99,-99,-99,catkins stiff
4/10/2003,100,CRSP-01,23,SS,0,-99,-99,-99,-99,-99,-99,-99,-99,-99,-99,
4/10/2003,100,ACRU-02,24,MS,0,VS,0,0,ND,0,0,0,0,0,0,
4/10/2003,100,ACPE-02,25,SS,0,ND,0,0,ND,0,0,0,0,0,0,
4/10/2003,100,FAGR-05,26,NS,0,-99,-99,-99,-99,-99,-99,-99,-99,-99,-99,
4/10/2003,100,ACPE-03,27,NS,0,ND,0,0,ND,0,0,0,0,0,0,10% outer scales splitting
4/10/2003,100,HAVI-01,28,NS,0,ND,0,0,ND,0,-99,0,0,0,0,
4/10/2003,100,BEAL-02,29,NS,0,ND,0,0,ND,0,-99,0,0,0,0,
4/10/2003,100,BELE-02,30,NS,0,-99,-99,-99,-99,-99,-99,-99,-99,-99,-99,
4/10/2003,100,VICA-03,31,-99,-99,-99,-99,-99,-99,-99,-99,-99,-99,-99,-99,can't find
4/10/2003,100,VIAL-02,32,SS,0,-99,-99,-99,-99,-99,-99,-99,-99,-99,-99,
4/10/2003,100,FAGR-03,33,NS,0,-99,-99,-99,-99,-99,-99,-99,-99,-99,-99,
4/10/2003,100,AMSP-03,34,MS,0,-99,-99,-99,-99,-99,-99,-99,-99,-99,-99,
4/10/2003,100,BEAL-03,35,SS,0,ND,0,0,ND,0,-99,0,0,0,0,
4/10/2003,100,HAVI-02,36,SS,0,ND,0,0,ND,0,-99,0,0,0,0,
4/10/2003,100,QURU-02,37,NS,0,ND,0,0,ND,-99,-99,0,0,0,0,
4/10/2003,100,ACRU-03,38,MS,0,VS,0,0,ND,-99,-99,0,0,0,0,
4/10/2003,100,VIAL-03,39,SS,0,-99,-99,-99,-99,-99,-99,-99,-99,-99,-99,
4/10/2003,100,ACPE-04,40,SS,0,ND,0,0,ND,0,0,0,0,0,0,10% buds splitting
4/10/2003,100,QUVE-02,41,NS,0,-99,-99,-99,-99,-99,-99,-99,-99,-99,-99,
4/10/2003,100,ACRU-04,42,MS,0,VS,0,0,ND,0,0,0,0,0,0,
4/10/2003,100,QUAL-02,43,NS,0,ND,0,0,ND,0,-99,0,0,0,0,
4/10/2003,100,CRSP-03,44,SS,0,-99,-99,-99,-99,-99,-99,-99,-99,-99,-99,
4/10/2003,100,BELE-03,45,MS,0,-99,-99,-99,-99,-99,-99,-99,-99,-99,-99,
4/10/2003,100,HAVI-03,46,SS,0,ND,0,0,ND,0,-99,0,0,0,0,
4/10/2003,100,QUVE-03,47,NS,0,-99,-99,-99,-99,-99,-99,-99,-99,-99,-99,
4/10/2003,100,QUVE-04,48,NS,0,-99,-99,-99,-99,-99,-99,-99,-99,-99,-99,
4/10/2003,100,QURU-03,49,NS,0,ND,0,0,ND,-99,-99,0,0,0,0,
4/10/2003,100,CRSP-02,50,MS,0,-99,-99,-99,-99,-99,-99,-99,-99,-99,-99,
4/10/2003,100,PRSE-02,51,VS,0,-99,-99,-99,-99,-99,-99,-99,-99,-99,-99,
4/10/2003,100,BEPA-02,52,SS,0,-99,-99,-99,-99,-99,-99,-99,-99,-99,-99,
4/10/2003,100,BEPA-03,53,NS,0,-99,-99,-99,-99,-99,-99,-99,-99,-99,-99,
4/10/2003,100,BEPA-04,54,NS,0,-99,-99,-99,-99,-99,-99,-99,-99,-99,-99,catkins stiff
4/10/2003,100,COAL-03,55,MS,0,-99,-99,-99,-99,-99,-99,-99,-99,-99,-99,
4/10/2003,100,FRAM-02,56,NS,0,ND,0,0,ND,-99,-99,0,0,0,0,
4/10/2003,100,FAGR-04,57,NS,0,-99,-99,-99,-99,-99,-99,-99,-99,-99,-99,
4/10/2003,100,QUAL-03,58,NS,0,ND,0,0,ND,0,-99,0,0,0,0,
4/10/2003,100,ACSA-02,59,NS,0,ND,0,0,ND,0,0,0,0,0,0,
4/10/2003,100,FRAM-03,60,NS,0,ND,0,0,ND,0,-99,0,0,0,0
4/10/2003,100,SAPU-02,61,MS,0,MS,0,0,-99,-99,-99,-99,-99,-99,-99
4/10/2003,100,POTR-04,62,MS,0,VS,0,0,-99,-99,-99,-99,-99,-99,-99
4/10/2003,100,ACSA-03,63,SS,0,ND,0,0,ND,-99,-99,0,0,0,0
4/10/2003,100,PRSE-04,64,MS,0,-99,-99,-99,-99,-99,-99,-99,-99,-99,-99
4/10/2003,100,QURU-04,65,NS,0,ND,0,0,ND,0,-99,0,0,0,0
4/10/2003,100,ACRU-05,66,MS,0,VS,0,0,,0,0,0,0,0,0
4/10/2003,100,FRAM-04,67,NS,0,ND,0,0,ND,0,-99,0,0,0,0
4/10/2003,100,POTR-02,68,MS,0,VS,0,0,-99,-99,-99,-99,-99,-99,-99
4/15/2003,105,AMSP-01,1,MS,0,-99,-99,-99,-99,-99,-99,-99,-99,-99,-99
4/15/2003,105,FRAM-01,2,NS,0,ND,0,0,ND,0,-99,0,0,0,0
4/15/2003,105,PRSE-01,3,VS,0,-99,-99,-99,-99,-99,-99,-99,-99,-99,-99
4/15/2003,105,VICA-01,4,MS,0,-99,-99,-99,-99,-99,-99,-99,-99,-99,-99
4/15/2003,105,ACRU-01,5,MS,0,VS,0,0,ND,-99,-99,0,0,0,0
4/15/2003,105,SAPU-01,6,VS,0,VS,0,0,-99,-99,-99,-99,-99,-99,-99
4/15/2003,105,COAL-01,7,MS,0,-99,-99,-99,-99,-99,-99,-99,-99,-99,-99
4/15/2003,105,AMSP-02,8,MS,0,-99,-99,-99,-99,-99,-99,-99,-99,-99,-99,
4/15/2003,105,ACSA-01,9,SS,0,ND,0,0,ND,0,0,0,0,0,0,
4/15/2003,105,BELE-01,10,SS,0,-99,-99,-99,-99,-99,-99,-99,-99,-99,-99,catkins stiff
4/15/2003,105,SAPU-03,11,BB,5,-99,-99,-99,-99,-99,-99,-99,-99,-99,-99,
4/15/2003,105,SAPU-04,12,BB,25,-99,-99,-99,-99,-99,-99,-99,-99,-99,-99,
4/15/2003,105,BEAL-01,13,SS,0,ND,0,0,ND,0,-99,0,0,0,0,
4/15/2003,105,COAL-04,14,-99,-99,-99,-99,-99,-99,-99,-99,-99,-99,-99,-99,dead
4/15/2003,105,QURU-01,15,NS,0,ND,0,0,ND,-99,-99,0,0,0,0,
4/15/2003,105,VICA-02,16,SS,0,-99,-99,-99,-99,-99,-99,-99,-99,-99,-99,
4/15/2003,105,QUAL-04,17,NS,0,ND,0,0,ND,0,-99,0,0,0,0,
4/15/2003,105,FAGR-01,18,NS,0,-99,-99,-99,-99,-99,-99,-99,-99,-99,-99,
4/15/2003,105,VIAL-01,19,SS,0,-99,-99,-99,-99,-99,-99,-99,-99,-99,-99,
4/15/2003,105,ACPE-01,20,MS,0,ND,0,0,ND,0,0,0,0,0,0,
4/15/2003,105,QUVE-01,21,SS,0,-99,-99,-99,-99,-99,-99,-99,-99,-99,-99,
4/15/2003,105,BEPA-01,22,SS,0,-99,-99,-99,-99,-99,-99,-99,-99,-99,-99,catkins stiff
4/15/2003,105,CRSP-01,23,SS,0,-99,-99,-99,-99,-99,-99,-99,-99,-99,-99,
4/15/2003,105,ACRU-02,24,MS,0,VS,0,0,ND,0,0,0,0,0,0,
4/15/2003,105,ACPE-02,25,SS,0,ND,0,0,ND,0,0,0,0,0,0,50% outer scales split
4/15/2003,105,FAGR-05,26,SS,0,-99,-99,-99,-99,-99,-99,-99,-99,-99,-99,
4/15/2003,105,ACPE-03,27,NS,0,ND,0,0,ND,0,0,0,0,0,0,
4/15/2003,105,HAVI-01,28,NS,0,ND,0,0,ND,0,-99,0,0,0,0,
4/15/2003,105,BEAL-02,29,SS,0,ND,0,0,ND,0,-99,0,0,0,0,
4/15/2003,105,BELE-02,30,SS,0,-99,-99,-99,-99,-99,-99,-99,-99,-99,-99,
4/15/2003,105,VICA-03,31,SS,0,-99,-99,-99,-99,-99,-99,-99,-99,-99,-99,
4/15/2003,105,VIAL-02,32,SS,0,-99,-99,-99,-99,-99,-99,-99,-99,-99,-99,
4/15/2003,105,FAGR-03,33,NS,0,-99,-99,-99,-99,-99,-99,-99,-99,-99,-99,
4/15/2003,105,AMSP-03,34,MS,0,-99,-99,-99,-99,-99,-99,-99,-99,-99,-99,
4/15/2003,105,BEAL-03,35,SS,0,ND,0,0,ND,0,-99,0,0,0,0,
4/15/2003,105,HAVI-02,36,SS,0,ND,0,0,ND,0,-99,0,0,0,0,
4/15/2003,105,QURU-02,37,NS,0,ND,0,0,ND,-99,-99,0,0,0,0,
4/15/2003,105,ACRU-03,38,MS,0,VS,0,0,ND,-99,-99,0,0,0,0,
4/15/2003,105,VIAL-03,39,SS,0,-99,-99,-99,-99,-99,-99,-99,-99,-99,-99,
4/15/2003,105,ACPE-04,40,SS,0,ND,0,0,ND,0,0,0,0,0,0,
4/15/2003,105,QUVE-02,41,NS,0,-99,-99,-99,-99,-99,-99,-99,-99,-99,-99,
4/15/2003,105,ACRU-04,42,MS,0,VS,0,0,ND,0,0,0,0,0,0,
4/15/2003,105,QUAL-02,43,NS,0,ND,0,0,ND,0,-99,0,0,0,0,
4/15/2003,105,CRSP-03,44,SS,0,-99,-99,-99,-99,-99,-99,-99,-99,-99,-99,
4/15/2003,105,BELE-03,45,MS,0,-99,-99,-99,-99,-99,-99,-99,-99,-99,-99,catkins stiff
4/15/2003,105,HAVI-03,46,SS,0,ND,0,0,ND,0,-99,0,0,0,0,
4/15/2003,105,QUVE-03,47,NS,0,-99,-99,-99,-99,-99,-99,-99,-99,-99,-99,
4/15/2003,105,QUVE-04,48,NS,0,-99,-99,-99,-99,-99,-99,-99,-99,-99,-99,
4/15/2003,105,QURU-03,49,NS,0,ND,0,0,ND,-99,-99,0,0,0,0,
4/15/2003,105,CRSP-02,50,MS,0,-99,-99,-99,-99,-99,-99,-99,-99,-99,-99,
4/15/2003,105,PRSE-02,51,VS,0,-99,-99,-99,-99,-99,-99,-99,-99,-99,-99,
4/15/2003,105,BEPA-02,52,SS,0,-99,-99,-99,-99,-99,-99,-99,-99,-99,-99,
4/15/2003,105,BEPA-03,53,SS,0,-99,-99,-99,-99,-99,-99,-99,-99,-99,-99,
4/15/2003,105,BEPA-04,54,SS,0,-99,-99,-99,-99,-99,-99,-99,-99,-99,-99,catkins stiff
4/15/2003,105,COAL-03,55,MS,0,-99,-99,-99,-99,-99,-99,-99,-99,-99,-99,
4/15/2003,105,FRAM-02,56,NS,0,ND,0,0,ND,-99,-99,0,0,0,0
4/15/2003,105,FAGR-04,57,SS,0,-99,-99,-99,-99,-99,-99,-99,-99,-99,-99
4/15/2003,105,QUAL-03,58,NS,0,ND,0,0,ND,0,-99,0,0,0,0
4/15/2003,105,ACSA-02,59,SS,0,ND,0,0,ND,0,0,0,0,0,0
4/15/2003,105,FRAM-03,60,NS,0,ND,0,0,ND,0,-99,0,0,0,0
4/15/2003,105,SAPU-02,61,BB,20,-99,-99,-99,-99,-99,-99,-99,-99,-99,-99
4/15/2003,105,POTR-04,62,MS,0,BB,75,0,M,-99,-99,-99,-99,-99,-99
4/15/2003,105,ACSA-03,63,MS,0,ND,0,0,ND,-99,-99,0,0,0,0
4/15/2003,105,PRSE-04,64,MS,0,-99,-99,-99,-99,-99,-99,-99,-99,-99,-99
4/15/2003,105,QURU-04,65,SS,0,ND,0,0,ND,0,-99,0,0,0,0
4/15/2003,105,ACRU-05,66,MS,0,VS,0,0,,0,0,0,0,0,0
4/15/2003,105,FRAM-04,67,NS,0,ND,0,0,ND,0,-99,0,0,0,0
4/15/2003,105,POTR-02,68,MS,0,BB,20,0,F,-99,-99,-99,-99,-99,-99
4/21/2003,111,AMSP-01,1,MS,0,-99,-99,-99,-99,-99,-99,-99,-99,-99,-99
4/21/2003,111,FRAM-01,2,SS,0,ND,0,0,ND,0,-99,0,0,0,0
4/21/2003,111,PRSE-01,3,BB,70,-99,-99,-99,-99,-99,-99,-99,-99,-99,-99
4/21/2003,111,VICA-01,4,BB,3,-99,-99,-99,-99,-99,-99,-99,-99,-99,-99,
4/21/2003,111,ACRU-01,5,VS,0,BB,75,0,M,-99,-99,0,0,0,0,
4/21/2003,111,SAPU-01,6,BB,45,VS,0,0,-99,-99,-99,-99,-99,-99,-99,
4/21/2003,111,COAL-01,7,VS,0,-99,-99,-99,-99,-99,-99,-99,-99,-99,-99,
4/21/2003,111,AMSP-02,8,VS,0,-99,-99,-99,-99,-99,-99,-99,-99,-99,-99,
4/21/2003,111,ACSA-01,9,MS,0,ND,0,0,ND,0,0,0,0,0,0,
4/21/2003,111,BELE-01,10,MS,0,SS,0,0,-99,-99,-99,-99,-99,-99,-99,
4/21/2003,111,SAPU-03,11,BB,40,VS,0,0,-99,-99,-99,-99,-99,-99,-99,
4/21/2003,111,SAPU-04,12,BB,90,VS,0,0,-99,-99,-99,-99,-99,-99,-99,
4/21/2003,111,BEAL-01,13,VS,0,ND,0,0,ND,0,-99,0,0,0,0,
4/21/2003,111,COAL-04,14,-99,-99,-99,-99,-99,-99,-99,-99,-99,-99,-99,-99,dead
4/21/2003,111,QURU-01,15,SS,0,ND,0,0,ND,-99,-99,0,0,0,0,
4/21/2003,111,VICA-02,16,VS,0,-99,-99,-99,-99,-99,-99,-99,-99,-99,-99,
4/21/2003,111,QUAL-04,17,NS,0,ND,0,0,ND,0,-99,0,0,0,0,
4/21/2003,111,FAGR-01,18,SS,0,-99,-99,-99,-99,-99,-99,-99,-99,-99,-99,
4/21/2003,111,VIAL-01,19,SS,0,-99,-99,-99,-99,-99,-99,-99,-99,-99,-99,
4/21/2003,111,ACPE-01,20,MS,0,ND,0,0,ND,0,0,0,0,0,0,
4/21/2003,111,QUVE-01,21,SS,0,-99,-99,-99,-99,-99,-99,-99,-99,-99,-99,
4/21/2003,111,BEPA-01,22,SS,0,-99,-99,-99,-99,-99,-99,-99,-99,-99,-99,catkins stiff
4/21/2003,111,CRSP-01,23,MS,0,-99,-99,-99,-99,-99,-99,-99,-99,-99,-99,
4/21/2003,111,ACRU-02,24,MS,0,BB,30,0,M,0,0,0,0,0,0,
4/21/2003,111,ACPE-02,25,MS,0,ND,0,0,ND,0,0,0,0,0,0,
4/21/2003,111,FAGR-05,26,SS,0,-99,-99,-99,-99,-99,-99,-99,-99,-99,-99,
4/21/2003,111,ACPE-03,27,MS,0,ND,0,0,ND,0,0,0,0,0,0,
4/21/2003,111,HAVI-01,28,SS,0,ND,0,0,ND,0,-99,0,0,0,0,
4/21/2003,111,BEAL-02,29,SS,0,ND,0,0,ND,0,-99,0,0,0,0,
4/21/2003,111,BELE-02,30,SS,0,-99,-99,-99,-99,-99,-99,-99,-99,-99,-99,
4/21/2003,111,VICA-03,31,SS,0,-99,-99,-99,-99,-99,-99,-99,-99,-99,-99,
4/21/2003,111,VIAL-02,32,SS,0,-99,-99,-99,-99,-99,-99,-99,-99,-99,-99,
4/21/2003,111,FAGR-03,33,SS,0,-99,-99,-99,-99,-99,-99,-99,-99,-99,-99,
4/21/2003,111,AMSP-03,34,MS,0,-99,-99,-99,-99,-99,-99,-99,-99,-99,-99,
4/21/2003,111,BEAL-03,35,SS,0,ND,0,0,ND,0,-99,0,0,0,0,
4/21/2003,111,HAVI-02,36,MS,0,ND,0,0,ND,0,-99,0,0,0,0,
4/21/2003,111,QURU-02,37,SS,0,ND,0,0,ND,-99,-99,0,0,0,0,
4/21/2003,111,ACRU-03,38,MS,0,BB,25,0,M,-99,-99,0,0,0,0,
4/21/2003,111,VIAL-03,39,SS,0,SS,0,0,-99,-99,-99,-99,-99,-99,-99,
4/21/2003,111,ACPE-04,40,SS,0,ND,0,0,ND,0,0,0,0,0,0,
4/21/2003,111,QUVE-02,41,SS,0,-99,-99,-99,-99,-99,-99,-99,-99,-99,-99,
4/21/2003,111,ACRU-04,42,MS,0,BB,45,0,M,0,0,0,0,0,0,
4/21/2003,111,QUAL-02,43,NS,0,ND,0,0,ND,0,-99,0,0,0,0,
4/21/2003,111,CRSP-03,44,MS,0,-99,-99,-99,-99,-99,-99,-99,-99,-99,-99,
4/21/2003,111,BELE-03,45,MS,0,-99,-99,-99,-99,-99,-99,-99,-99,-99,-99,catkins stiff
4/21/2003,111,HAVI-03,46,MS,0,ND,0,0,ND,0,-99,0,0,0,0,
4/21/2003,111,QUVE-03,47,SS,0,-99,-99,-99,-99,-99,-99,-99,-99,-99,-99,
4/21/2003,111,QUVE-04,48,SS,0,-99,-99,-99,-99,-99,-99,-99,-99,-99,-99,
4/21/2003,111,QURU-03,49,SS,0,ND,0,0,ND,-99,-99,0,0,0,0,
4/21/2003,111,CRSP-02,50,MS,0,-99,-99,-99,-99,-99,-99,-99,-99,-99,-99,
4/21/2003,111,PRSE-02,51,VS,0,-99,-99,-99,-99,-99,-99,-99,-99,-99,-99,
4/21/2003,111,BEPA-02,52,MS,0,-99,-99,-99,-99,-99,-99,-99,-99,-99,-99
4/21/2003,111,BEPA-03,53,SS,0,-99,-99,-99,-99,-99,-99,-99,-99,-99,-99
4/21/2003,111,BEPA-04,54,MS,0,SS,0,0,-99,-99,-99,-99,-99,-99,-99
4/21/2003,111,COAL-03,55,VS,0,-99,-99,-99,-99,-99,-99,-99,-99,-99,-99
4/21/2003,111,FRAM-02,56,NS,0,ND,0,0,ND,-99,-99,0,0,0,0
4/21/2003,111,FAGR-04,57,MS,0,-99,-99,-99,-99,-99,-99,-99,-99,-99,-99
4/21/2003,111,QUAL-03,58,NS,0,ND,0,0,ND,0,-99,0,0,0,0
4/21/2003,111,ACSA-02,59,MS,0,ND,0,0,ND,0,0,0,0,0,0
4/21/2003,111,FRAM-03,60,NS,0,ND,0,0,ND,0,-99,0,0,0,0
4/21/2003,111,SAPU-02,61,BB,50,VS,0,0,-99,-99,-99,-99,-99,-99,-99
4/21/2003,111,POTR-04,62,VS,0,BB,100,92,M,-99,-99,-99,-99,-99,-99
4/21/2003,111,ACSA-03,63,VS,0,ND,0,0,ND,-99,-99,0,0,0,0
4/21/2003,111,PRSE-04,64,BB,10,-99,-99,-99,-99,-99,-99,-99,-99,-99,-99
4/21/2003,111,QURU-04,65,SS,0,ND,0,0,ND,0,-99,0,0,0,0
4/21/2003,111,ACRU-05,66,VS,0,BB,75,0,F,0,0,0,0,0,0
4/21/2003,111,FRAM-04,67,SS,0,ND,0,0,ND,0,-99,0,0,0,0
4/21/2003,111,POTR-02,68,MS,0,BB,100,20,F,-99,-99,-99,-99,-99,-99,
4/28/2003,118,AMSP-01,1,MS,0,VS,0,0,-99,-99,-99,-99,-99,-99,-99,
4/28/2003,118,FRAM-01,2,SS,0,ND,0,0,ND,0,-99,0,0,0,0,
4/28/2003,118,PRSE-01,3,BB,95,-99,-99,-99,-99,-99,-99,-99,-99,-99,-99,
4/28/2003,118,VICA-01,4,BB,65,-99,-99,-99,-99,-99,-99,-99,-99,-99,-99,
4/28/2003,118,ACRU-01,5,VS,0,BB,100,5,M,-99,-99,0,0,0,0,
4/28/2003,118,SAPU-01,6,BB,95,VS,0,0,-99,-99,-99,-99,-99,-99,-99,
4/28/2003,118,COAL-01,7,VS,0,-99,-99,-99,-99,-99,-99,-99,-99,-99,-99,
4/28/2003,118,AMSP-02,8,VS,0,VS,0,0,-99,-99,-99,-99,-99,-99,-99,
4/28/2003,118,ACSA-01,9,VS,0,ND,0,0,ND,0,0,0,0,0,0,
4/28/2003,118,BELE-01,10,MS,0,SS,0,0,-99,-99,-99,-99,-99,-99,-99,
4/28/2003,118,SAPU-03,11,BB,70,VS,0,0,-99,-99,-99,-99,-99,-99,-99,
4/28/2003,118,SAPU-04,12,BB,100,VS,0,0,-99,-99,-99,-99,-99,-99,-99,
4/28/2003,118,BEAL-01,13,VS,0,ND,0,0,ND,0,-99,0,0,0,0,
4/28/2003,118,COAL-04,14,-99,-99,-99,-99,-99,-99,-99,-99,-99,-99,-99,-99,dead
4/28/2003,118,QURU-01,15,MS,0,ND,0,0,ND,-99,-99,0,0,0,0,
4/28/2003,118,VICA-02,16,BB,55,-99,-99,-99,-99,-99,-99,-99,-99,-99,-99,
4/28/2003,118,QUAL-04,17,SS,0,ND,0,0,ND,0,-99,0,0,0,0,
4/28/2003,118,FAGR-01,18,MS,0,-99,-99,-99,-99,-99,-99,-99,-99,-99,-99,
4/28/2003,118,VIAL-01,19,BB,5,-99,-99,-99,-99,-99,-99,-99,-99,-99,-99,
4/28/2003,118,ACPE-01,20,VS,0,ND,0,0,ND,0,0,0,0,0,0,inner sc up to 2cm
4/28/2003,118,QUVE-01,21,SS,0,-99,-99,-99,-99,-99,-99,-99,-99,-99,-99,
4/28/2003,118,BEPA-01,22,MS,0,SS,0,0,-99,-99,-99,-99,-99,-99,-99,
4/28/2003,118,CRSP-01,23,MS,0,-99,-99,-99,-99,-99,-99,-99,-99,-99,-99,
4/28/2003,118,ACRU-02,24,MS,0,BB,92,0,M,0,0,0,0,0,0,
4/28/2003,118,ACPE-02,25,VS,0,ND,0,0,ND,0,0,0,0,0,0,inner sc up to 1cm
4/28/2003,118,FAGR-05,26,MS,0,-99,-99,-99,-99,-99,-99,-99,-99,-99,-99,
4/28/2003,118,ACPE-03,27,VS,0,ND,0,0,ND,0,0,0,0,0,0,inner sc up to 1cm
4/28/2003,118,HAVI-01,28,MS,0,ND,0,0,ND,0,-99,0,0,0,0,
4/28/2003,118,BEAL-02,29,MS,0,ND,0,0,ND,0,-99,0,0,0,0,
4/28/2003,118,BELE-02,30,MS,0,-99,-99,-99,-99,-99,-99,-99,-99,-99,-99,
4/28/2003,118,VICA-03,31,BB,50,-99,-99,-99,-99,-99,-99,-99,-99,-99,-99,
4/28/2003,118,VIAL-02,32,BB,20,-99,-99,-99,-99,-99,-99,-99,-99,-99,-99
4/28/2003,118,FAGR-03,33,MS,0,-99,-99,-99,-99,-99,-99,-99,-99,-99,-99
4/28/2003,118,AMSP-03,34,VS,0,-99,-99,-99,-99,-99,-99,-99,-99,-99,-99
4/28/2003,118,BEAL-03,35,MS,0,SS,0,0,ND,0,-99,0,0,0,0
4/28/2003,118,HAVI-02,36,VS,0,ND,0,0,ND,0,-99,0,0,0,0
4/28/2003,118,QURU-02,37,MS,0,ND,0,0,ND,-99,-99,0,0,0,0
4/28/2003,118,ACRU-03,38,VS,0,BB,80,5,M,-99,-99,0,0,0,0
4/28/2003,118,VIAL-03,39,BB,50,VS,0,0,-99,-99,-99,-99,-99,-99,-99
4/28/2003,118,ACPE-04,40,VS,0,ND,0,0,ND,0,0,0,0,0,0
4/28/2003,118,QUVE-02,41,SS,0,-99,-99,-99,-99,-99,-99,-99,-99,-99,-99
4/28/2003,118,ACRU-04,42,VS,0,BB,100,5,M,0,0,0,0,0,0
4/28/2003,118,QUAL-02,43,SS,0,ND,0,0,ND,0,-99,0,0,0,0
4/28/2003,118,CRSP-03,44,MS,0,-99,-99,-99,-99,-99,-99,-99,-99,-99,-99
4/28/2003,118,BELE-03,45,VS,0,MS,0,0,-99,-99,-99,-99,-99,-99,-99
4/28/2003,118,HAVI-03,46,MS,0,ND,0,0,ND,0,-99,0,0,0,0
4/28/2003,118,QUVE-03,47,SS,0,-99,-99,-99,-99,-99,-99,-99,-99,-99,-99
4/28/2003,118,QUVE-04,48,MS,0,-99,-99,-99,-99,-99,-99,-99,-99,-99,-99
4/28/2003,118,QURU-03,49,MS,0,ND,0,0,ND,-99,-99,0,0,0,0
4/28/2003,118,CRSP-02,50,VS,0,-99,-99,-99,-99,-99,-99,-99,-99,-99,-99
4/28/2003,118,PRSE-02,51,BB,40,-99,-99,-99,-99,-99,-99,-99,-99,-99,-99
4/28/2003,118,BEPA-02,52,VS,0,-99,-99,-99,-99,-99,-99,-99,-99,-99,-99
4/28/2003,118,BEPA-03,53,VS,0,-99,-99,-99,-99,-99,-99,-99,-99,-99,-99
4/28/2003,118,BEPA-04,54,VS,0,SS,0,0,-99,-99,-99,-99,-99,-99,-99
4/28/2003,118,COAL-03,55,VS,0,-99,-99,-99,-99,-99,-99,-99,-99,-99,-99
4/28/2003,118,FRAM-02,56,SS,0,ND,0,0,ND,-99,-99,0,0,0,0
4/28/2003,118,FAGR-04,57,VS,0,-99,-99,-99,-99,-99,-99,-99,-99,-99,-99
4/28/2003,118,QUAL-03,58,SS,0,ND,0,0,ND,0,-99,0,0,0,0
4/28/2003,118,ACSA-02,59,VS,0,ND,0,0,ND,0,0,0,0,0,0
4/28/2003,118,FRAM-03,60,SS,0,ND,0,0,ND,0,-99,0,0,0,0
4/28/2003,118,SAPU-02,61,BB,95,VS,0,0,-99,-99,-99,-99,-99,-99,-99
4/28/2003,118,POTR-04,62,VS,0,BB,100,100,M,-99,-99,-99,-99,-99,-99
4/28/2003,118,ACSA-03,63,VS,0,ND,0,0,ND,-99,-99,0,0,0,0
4/28/2003,118,PRSE-04,64,BB,50,-99,-99,-99,-99,-99,-99,-99,-99,-99,-99,
4/28/2003,118,QURU-04,65,MS,0,ND,0,0,ND,0,-99,0,0,0,0,
4/28/2003,118,ACRU-05,66,VS,0,BB,100,99,F,0,0,0,0,0,0,can't see fruit yet
4/28/2003,118,FRAM-04,67,MS,0,ND,0,0,ND,0,-99,0,0,0,0,
4/28/2003,118,POTR-02,68,MS,0,BB,100,50,F,-99,-99,-99,-99,-99,-99,
5/1/2003,121,AMSP-01,1,VS,0,VS,0,0,-99,-99,-99,-99,-99,-99,-99,
5/1/2003,121,FRAM-01,2,MS,0,ND,0,0,ND,0,-99,0,0,0,0,
5/1/2003,121,PRSE-01,3,BB,100,-99,-99,-99,-99,-99,-99,-99,-99,-99,-99,
5/1/2003,121,VICA-01,4,BB,99,-99,-99,-99,-99,-99,-99,-99,-99,-99,-99,
5/1/2003,121,ACRU-01,5,VS,0,BB,100,55,M,-99,-99,0,0,0,0,
5/1/2003,121,SAPU-01,6,BB,100,VS,0,0,-99,-99,-99,-99,-99,-99,-99,
5/1/2003,121,COAL-01,7,BB,98,-99,-99,-99,-99,-99,-99,-99,-99,-99,-99,
5/1/2003,121,AMSP-02,8,BB,5,VS,0,0,-99,-99,-99,-99,-99,-99,-99,
5/1/2003,121,ACSA-01,9,VS,0,ND,0,0,ND,0,0,0,0,0,0,
5/1/2003,121,BELE-01,10,VS,0,MS,0,0,-99,-99,-99,-99,-99,-99,-99,
5/1/2003,121,SAPU-03,11,BB,95,VS,0,0,-99,-99,-99,-99,-99,-99,-99,
5/1/2003,121,SAPU-04,12,BB,100,VS,0,0,-99,-99,-99,-99,-99,-99,-99,
5/1/2003,121,BEAL-01,13,VS,0,SS,0,0,ND,0,-99,0,0,0,0,
5/1/2003,121,COAL-04,14,-99,-99,-99,-99,-99,-99,-99,-99,-99,-99,-99,-99,dead
5/1/2003,121,QURU-01,15,MS,0,ND,0,0,ND,-99,-99,0,0,0,0,
5/1/2003,121,VICA-02,16,BB,95,-99,-99,-99,-99,-99,-99,-99,-99,-99,-99,
5/1/2003,121,QUAL-04,17,MS,0,ND,0,0,ND,0,-99,0,0,0,0,
5/1/2003,121,FAGR-01,18,MS,0,-99,-99,-99,-99,-99,-99,-99,-99,-99,-99,
5/1/2003,121,VIAL-01,19,BB,90,-99,-99,-99,-99,-99,-99,-99,-99,-99,-99,
5/1/2003,121,ACPE-01,20,VS,0,ND,0,0,ND,0,0,0,0,0,0,inner sc up to 3.5cm
5/1/2003,121,QUVE-01,21,MS,0,-99,-99,-99,-99,-99,-99,-99,-99,-99,-99,
5/1/2003,121,BEPA-01,22,MS,0,MS,0,0,-99,-99,-99,-99,-99,-99,-99,
5/1/2003,121,CRSP-01,23,VS,0,-99,-99,-99,-99,-99,-99,-99,-99,-99,-99,
5/1/2003,121,ACRU-02,24,VS,0,BB,100,45,M,0,0,0,0,0,0,
5/1/2003,121,ACPE-02,25,VS,0,ND,0,0,ND,0,0,0,0,0,0,inner sc up to 2cm
5/1/2003,121,FAGR-05,26,MS,0,-99,-99,-99,-99,-99,-99,-99,-99,-99,-99,
5/1/2003,121,ACPE-03,27,VS,0,ND,0,0,ND,0,0,0,0,0,0,inner sc up to 3cm
5/1/2003,121,HAVI-01,28,VS,0,ND,0,0,ND,0,-99,0,0,0,0,
5/1/2003,121,BEAL-02,29,MS,0,ND,0,0,ND,0,-99,0,0,0,0,
5/1/2003,121,BELE-02,30,MS,0,-99,-99,-99,-99,-99,-99,-99,-99,-99,-99,
5/1/2003,121,VICA-03,31,BB,99,-99,-99,-99,-99,-99,-99,-99,-99,-99,-99,
5/1/2003,121,VIAL-02,32,BB,80,-99,-99,-99,-99,-99,-99,-99,-99,-99,-99,
5/1/2003,121,FAGR-03,33,MS,0,-99,-99,-99,-99,-99,-99,-99,-99,-99,-99,
5/1/2003,121,AMSP-03,34,VS,0,-99,-99,-99,-99,-99,-99,-99,-99,-99,-99,
5/1/2003,121,BEAL-03,35,VS,0,MS,0,0,ND,0,-99,0,0,0,0,
5/1/2003,121,HAVI-02,36,VS,0,ND,0,0,ND,0,-99,0,0,0,0,
5/1/2003,121,QURU-02,37,MS,0,ND,0,0,ND,-99,-99,0,0,0,0,
5/1/2003,121,ACRU-03,38,VS,0,BB,100,30,M,-99,-99,0,0,0,0,
5/1/2003,121,VIAL-03,39,BB,95,VS,0,0,-99,-99,-99,-99,-99,-99,-99,
5/1/2003,121,ACPE-04,40,VS,0,ND,0,0,ND,0,0,0,0,0,0,inner sc up to 1.5cm
5/1/2003,121,QUVE-02,41,MS,0,-99,-99,-99,-99,-99,-99,-99,-99,-99,-99,
5/1/2003,121,ACRU-04,42,VS,0,BB,100,80,M,0,0,0,0,0,0,
5/1/2003,121,QUAL-02,43,MS,0,ND,0,0,ND,0,-99,0,0,0,0,
5/1/2003,121,CRSP-03,44,VS,0,-99,-99,-99,-99,-99,-99,-99,-99,-99,-99
5/1/2003,121,BELE-03,45,VS,0,-99,-99,-99,-99,-99,-99,-99,-99,-99,-99
5/1/2003,121,HAVI-03,46,VS,0,ND,0,0,ND,0,-99,0,0,0,0
5/1/2003,121,QUVE-03,47,MS,0,-99,-99,-99,-99,-99,-99,-99,-99,-99,-99
5/1/2003,121,QUVE-04,48,VS,0,-99,-99,-99,-99,-99,-99,-99,-99,-99,-99
5/1/2003,121,QURU-03,49,MS,0,ND,0,0,ND,-99,-99,0,0,0,0
5/1/2003,121,CRSP-02,50,BB,5,-99,-99,-99,-99,-99,-99,-99,-99,-99,-99
5/1/2003,121,PRSE-02,51,BB,95,-99,-99,-99,-99,-99,-99,-99,-99,-99,-99
5/1/2003,121,BEPA-02,52,BB,3,MS,0,0,-99,-99,-99,-99,-99,-99,-99
5/1/2003,121,BEPA-03,53,VS,0,-99,-99,-99,-99,-99,-99,-99,-99,-99,-99
5/1/2003,121,BEPA-04,54,BB,5,BB,25,0,-99,-99,-99,-99,-99,-99,-99
5/1/2003,121,COAL-03,55,BB,15,-99,-99,-99,-99,-99,-99,-99,-99,-99,-99
5/1/2003,121,FRAM-02,56,MS,0,ND,0,0,ND,-99,-99,0,0,0,0
5/1/2003,121,FAGR-04,57,VS,0,-99,-99,-99,-99,-99,-99,-99,-99,-99,-99
5/1/2003,121,QUAL-03,58,MS,0,ND,0,0,ND,0,-99,0,0,0,0
5/1/2003,121,ACSA-02,59,VS,0,ND,0,0,ND,0,0,0,0,0,0
5/1/2003,121,FRAM-03,60,SS,0,ND,0,0,ND,0,-99,0,0,0,0,
5/1/2003,121,SAPU-02,61,BB,100,VS,0,0,-99,-99,-99,-99,-99,-99,-99,
5/1/2003,121,POTR-04,62,BB,75,BB,100,100,M,-99,-99,-99,-99,-99,-99,
5/1/2003,121,ACSA-03,63,VS,0,BB,5,0,ND,-99,-99,0,0,0,0,
5/1/2003,121,PRSE-04,64,BB,90,-99,-99,-99,-99,-99,-99,-99,-99,-99,-99,
5/1/2003,121,QURU-04,65,MS,0,ND,0,0,ND,0,-99,0,0,0,0,
5/1/2003,121,ACRU-05,66,VS,0,BB,100,100,F,0,0,0,0,0,0,
5/1/2003,121,FRAM-04,67,VS,0,VS,0,0,ND,0,-99,0,0,0,0,
5/1/2003,121,POTR-02,68,BB,20,BB,100,100,F,-99,-99,-99,-99,-99,-99,fruit developing
5/5/2003,125,AMSP-01,1,BB,5,BB,35,0,-99,-99,-99,-99,-99,-99,-99,
5/5/2003,125,FRAM-01,2,MS,0,ND,0,0,ND,0,-99,0,0,0,0,
5/5/2003,125,PRSE-01,3,BB,100,-99,-99,-99,-99,-99,-99,-99,-99,-99,-99,
5/5/2003,125,VICA-01,4,BB,100,-99,-99,-99,-99,-99,-99,-99,-99,-99,-99,
5/5/2003,125,ACRU-01,5,VS,0,BB,100,99,M,-99,-99,0,0,0,0,
5/5/2003,125,SAPU-01,6,BB,100,VS,0,0,-99,-99,-99,-99,-99,-99,-99,
5/5/2003,125,COAL-01,7,BB,100,-99,-99,-99,-99,-99,-99,-99,-99,-99,-99,
5/5/2003,125,AMSP-02,8,BB,80,BB,75,0,-99,-99,-99,-99,-99,-99,-99,
5/5/2003,125,ACSA-01,9,BB,90,ND,0,0,ND,0,0,0,0,0,0,
5/5/2003,125,BELE-01,10,VS,0,VS,0,0,-99,-99,-99,-99,-99,-99,-99,
5/5/2003,125,SAPU-03,11,BB,100,VS,0,0,-99,-99,-99,-99,-99,-99,-99,
5/5/2003,125,SAPU-04,12,BB,100,VS,0,0,-99,-99,-99,-99,-99,-99,-99,
5/5/2003,125,BEAL-01,13,BB,10,BB,15,0,ND,0,-99,0,0,0,0,
5/5/2003,125,COAL-04,14,-99,-99,-99,-99,-99,-99,-99,-99,-99,-99,-99,-99,dead
5/5/2003,125,QURU-01,15,VS,0,ND,0,0,ND,-99,-99,0,0,0,0,
5/5/2003,125,VICA-02,16,BB,100,-99,-99,-99,-99,-99,-99,-99,-99,-99,-99,
5/5/2003,125,QUAL-04,17,MS,0,ND,0,0,ND,0,-99,0,0,0,0,
5/5/2003,125,FAGR-01,18,MS,0,-99,-99,-99,-99,-99,-99,-99,-99,-99,-99,
5/5/2003,125,VIAL-01,19,BB,100,-99,-99,-99,-99,-99,-99,-99,-99,-99,-99,
5/5/2003,125,ACPE-01,20,BB,3,ND,0,0,ND,0,0,0,0,0,0,
5/5/2003,125,QUVE-01,21,VS,0,-99,-99,-99,-99,-99,-99,-99,-99,-99,-99,
5/5/2003,125,BEPA-01,22,BB,20,BB,20,0,-99,-99,-99,-99,-99,-99,-99,
5/5/2003,125,CRSP-01,23,BB,25,-99,-99,-99,-99,-99,-99,-99,-99,-99,-99,
5/5/2003,125,ACRU-02,24,BB,3,BB,100,99,M,0,0,0,0,0,0,
5/5/2003,125,ACPE-02,25,VS,0,ND,0,0,ND,0,0,0,0,0,0,Iinner sc up to 3.5cm
5/5/2003,125,FAGR-05,26,VS,0,-99,-99,-99,-99,-99,-99,-99,-99,-99,-99,
5/5/2003,125,ACPE-03,27,VS,0,ND,0,0,ND,0,0,0,0,0,0,inner sc up to 4cm
5/5/2003,125,HAVI-01,28,VS,0,ND,0,0,ND,0,-99,0,0,0,0,
5/5/2003,125,BEAL-02,29,VS,0,ND,0,0,ND,0,-99,0,0,0,0,
5/5/2003,125,BELE-02,30,VS,0,-99,-99,-99,-99,-99,-99,-99,-99,-99,-99,
5/5/2003,125,VICA-03,31,BB,97,-99,-99,-99,-99,-99,-99,-99,-99,-99,-99,
5/5/2003,125,VIAL-02,32,BB,100,-99,-99,-99,-99,-99,-99,-99,-99,-99,-99,
5/5/2003,125,FAGR-03,33,VS,0,-99,-99,-99,-99,-99,-99,-99,-99,-99,-99,
5/5/2003,125,AMSP-03,34,VS,0,-99,-99,-99,-99,-99,-99,-99,-99,-99,-99,
5/5/2003,125,BEAL-03,35,VS,0,VS,0,0,ND,0,-99,0,0,0,0,
5/5/2003,125,HAVI-02,36,BB,35,ND,0,0,ND,0,-99,0,0,0,0,
5/5/2003,125,QURU-02,37,VS,0,ND,0,0,ND,-99,-99,0,0,0,0,
5/5/2003,125,ACRU-03,38,VS,0,BB,100,99,M,-99,-99,0,0,0,0,
5/5/2003,125,VIAL-03,39,BB,100,BB,5,0,-99,-99,-99,-99,-99,-99,-99,
5/5/2003,125,ACPE-04,40,VS,0,ND,0,0,ND,0,0,0,0,0,0,inner sc up to 2.5cm
5/5/2003,125,QUVE-02,41,VS,0,-99,-99,-99,-99,-99,-99,-99,-99,-99,-99,
5/5/2003,125,ACRU-04,42,BB,20,BB,100,100,M,0,0,0,0,0,0,
5/5/2003,125,QUAL-02,43,MS,0,ND,0,0,ND,0,-99,0,0,0,0,
5/5/2003,125,CRSP-03,44,VS,0,-99,-99,-99,-99,-99,-99,-99,-99,-99,-99,
5/5/2003,125,BELE-03,45,VS,0,VS,0,0,-99,-99,-99,-99,-99,-99,-99,
5/5/2003,125,HAVI-03,46,VS,0,ND,0,0,ND,0,-99,0,0,0,0,
5/5/2003,125,QUVE-03,47,VS,0,-99,-99,-99,-99,-99,-99,-99,-99,-99,-99,
5/5/2003,125,QUVE-04,48,VS,0,-99,-99,-99,-99,-99,-99,-99,-99,-99,-99,
5/5/2003,125,QURU-03,49,VS,0,ND,0,0,ND,-99,-99,0,0,0,0,
5/5/2003,125,CRSP-02,50,BB,15,-99,-99,-99,-99,-99,-99,-99,-99,-99,-99,
5/5/2003,125,PRSE-02,51,BB,100,-99,-99,-99,-99,-99,-99,-99,-99,-99,-99,
5/5/2003,125,BEPA-02,52,BB,50,BB,25,0,-99,-99,-99,-99,-99,-99,-99,
5/5/2003,125,BEPA-03,53,BB,75,-99,-99,-99,-99,-99,-99,-99,-99,-99,-99,
5/5/2003,125,BEPA-04,54,BB,65,BB,55,0,-99,-99,-99,-99,-99,-99,-99,
5/5/2003,125,COAL-03,55,BB,75,-99,-99,-99,-99,-99,-99,-99,-99,-99,-99,
5/5/2003,125,FRAM-02,56,MS,0,ND,0,0,ND,-99,-99,0,0,0,0,
5/5/2003,125,FAGR-04,57,BB,3,-99,-99,-99,-99,-99,-99,-99,-99,-99,-99,
5/5/2003,125,QUAL-03,58,MS,0,ND,0,0,ND,0,-99,0,0,0,0,
5/5/2003,125,ACSA-02,59,BB,5,ND,0,0,ND,0,0,0,0,0,0,
5/5/2003,125,FRAM-03,60,VS,0,ND,0,0,ND,0,-99,0,0,0,0,
5/5/2003,125,SAPU-02,61,BB,100,VS,0,0,-99,-99,-99,-99,-99,-99,-99,
5/5/2003,125,POTR-04,62,BB,100,BB,100,100,M,-99,-99,-99,-99,-99,-99,flowers gone
5/5/2003,125,ACSA-03,63,BB,10,BB,95,5,ND,-99,-99,0,0,0,0,
5/5/2003,125,PRSE-04,64,BB,100,-99,-99,-99,-99,-99,-99,-99,-99,-99,-99,
5/5/2003,125,QURU-04,65,VS,0,ND,0,0,ND,0,-99,0,0,0,0,
5/5/2003,125,ACRU-05,66,BB,30,BB,100,100,F,0,0,0,0,0,0,fruit developing ~1cm
5/5/2003,125,FRAM-04,67,VS,0,VS,0,0,ND,0,-99,0,0,0,0,
5/5/2003,125,POTR-02,68,BB,95,BB,100,100,F,-99,-99,-99,-99,-99,-99,fruit developing
5/9/2003,129,AMSP-01,1,BB,90,BB,100,8,-99,-99,-99,-99,-99,-99,-99,
5/9/2003,129,FRAM-01,2,BB,3,ND,0,0,ND,0,-99,0,0,0,0,
5/9/2003,129,PRSE-01,3,BB,100,-99,-99,-99,-99,-99,-99,-99,-99,-99,-99,
5/9/2003,129,VICA-01,4,BB,100,-99,-99,-99,-99,-99,-99,-99,-99,-99,-99,
5/9/2003,129,ACRU-01,5,VS,0,BB,100,100,M,-99,-99,0,0,0,0,
5/9/2003,129,SAPU-01,6,BB,100,BB,20,0,-99,-99,-99,-99,-99,-99,-99,
5/9/2003,129,COAL-01,7,BB,100,VS,0,0,-99,-99,-99,-99,-99,-99,-99,
5/9/2003,129,AMSP-02,8,BB,95,BB,100,25,-99,-99,-99,-99,-99,-99,-99,
5/9/2003,129,ACSA-01,9,BB,100,ND,0,0,ND,-99,-99,13,0,0,0,
5/9/2003,129,BELE-01,10,VS,0,BB,30,0,-99,-99,-99,-99,-99,-99,-99,
5/9/2003,129,SAPU-03,11,BB,100,VS,0,0,-99,-99,-99,-99,-99,-99,-99,
5/9/2003,129,SAPU-04,12,BB,100,BB,75,0,-99,-99,-99,-99,-99,-99,-99,
5/9/2003,129,BEAL-01,13,BB,55,BB,65,0,ND,0,-99,0,0,0,0,
5/9/2003,129,COAL-04,14,-99,-99,-99,-99,-99,-99,-99,-99,-99,-99,-99,-99,dead
5/9/2003,129,QURU-01,15,VS,0,VS,0,0,ND,-99,-99,0,0,0,0,
5/9/2003,129,VICA-02,16,BB,100,-99,-99,-99,-99,-99,-99,-99,-99,-99,-99,
5/9/2003,129,QUAL-04,17,VS,0,ND,0,0,ND,0,-99,0,0,0,0,
5/9/2003,129,FAGR-01,18,VS,0,-99,-99,-99,-99,-99,-99,-99,-99,-99,-99,
5/9/2003,129,VIAL-01,19,BB,100,-99,-99,-99,-99,-99,-99,-99,-99,-99,-99,
5/9/2003,129,ACPE-01,20,BB,99,ND,0,0,ND,0,0,8,0,0,0,
5/9/2003,129,QUVE-01,21,VS,0,BB,3,0,-99,-99,-99,-99,-99,-99,-99,
5/9/2003,129,BEPA-01,22,BB,80,BB,90,0,-99,-99,-99,-99,-99,-99,-99,
5/9/2003,129,CRSP-01,23,BB,40,-99,-99,-99,-99,-99,-99,-99,-99,-99,-99,
5/9/2003,129,ACRU-02,24,BB,20,BB,100,100,M,0,0,0,0,0,0,
5/9/2003,129,ACPE-02,25,BB,5,ND,0,0,ND,0,0,0,0,0,0,
5/9/2003,129,FAGR-05,26,BB,1,-99,-99,-99,-99,-99,-99,-99,-99,-99,-99,
5/9/2003,129,ACPE-03,27,VS,0,ND,0,0,ND,0,0,0,0,0,0,inner sc splitting
5/9/2003,129,HAVI-01,28,BB,80,ND,0,0,ND,0,-99,0,0,0,0,
5/9/2003,129,BEAL-02,29,VS,0,ND,0,0,ND,0,-99,0,0,0,0,
5/9/2003,129,BELE-02,30,VS,0,-99,-99,-99,-99,-99,-99,-99,-99,-99,-99,
5/9/2003,129,VICA-03,31,BB,100,-99,-99,-99,-99,-99,-99,-99,-99,-99,-99,
5/9/2003,129,VIAL-02,32,BB,100,-99,-99,-99,-99,-99,-99,-99,-99,-99,-99,
5/9/2003,129,FAGR-03,33,BB,25,-99,-99,-99,-99,-99,-99,-99,-99,-99,-99,
5/9/2003,129,AMSP-03,34,BB,20,-99,-99,-99,-99,-99,-99,-99,-99,-99,-99,
5/9/2003,129,BEAL-03,35,BB,15,BB,50,0,ND,0,-99,0,0,0,0,
5/9/2003,129,HAVI-02,36,BB,95,ND,0,0,ND,-99,-99,8,0,0,0,
5/9/2003,129,QURU-02,37,VS,0,ND,0,0,ND,-99,-99,0,0,0,0,
5/9/2003,129,ACRU-03,38,BB,1,BB,100,100,M,-99,-99,0,0,0,0,
5/9/2003,129,VIAL-03,39,BB,100,BB,80,0,-99,-99,-99,-99,-99,-99,-99,
5/9/2003,129,ACPE-04,40,VS,0,ND,0,0,ND,0,0,0,0,0,0,inner sc splitting
5/9/2003,129,QUVE-02,41,VS,0,-99,-99,-99,-99,-99,-99,-99,-99,-99,-99,
5/9/2003,129,ACRU-04,42,BB,70,BB,100,100,M,0,0,0,0,0,0,
5/9/2003,129,QUAL-02,43,VS,0,ND,0,0,ND,0,-99,0,0,0,0,
5/9/2003,129,CRSP-03,44,BB,60,-99,-99,-99,-99,-99,-99,-99,-99,-99,-99,
5/9/2003,129,BELE-03,45,BB,3,-99,-99,-99,-99,-99,-99,-99,-99,-99,-99,
5/9/2003,129,HAVI-03,46,BB,50,ND,0,0,ND,0,-99,0,0,0,0,
5/9/2003,129,QUVE-03,47,VS,0,-99,-99,-99,-99,-99,-99,-99,-99,-99,-99,
5/9/2003,129,QUVE-04,48,VS,0,-99,-99,-99,-99,-99,-99,-99,-99,-99,-99,
5/9/2003,129,QURU-03,49,VS,0,VS,0,0,ND,-99,-99,0,0,0,0,
5/9/2003,129,CRSP-02,50,BB,75,-99,-99,-99,-99,-99,-99,-99,-99,-99,-99,
5/9/2003,129,PRSE-02,51,BB,100,-99,-99,-99,-99,-99,-99,-99,-99,-99,-99,
5/9/2003,129,BEPA-02,52,BB,98,-99,-99,-99,-99,-99,-99,-99,-99,-99,-99,
5/9/2003,129,BEPA-03,53,BB,98,-99,-99,-99,-99,-99,-99,-99,-99,-99,-99,
5/9/2003,129,BEPA-04,54,BB,95,BB,95,10,-99,-99,-99,-99,-99,-99,-99,
5/9/2003,129,COAL-03,55,BB,99,MS,0,0,-99,-99,-99,-99,-99,-99,-99,
5/9/2003,129,FRAM-02,56,VS,0,ND,0,0,ND,-99,-99,0,0,0,0,
5/9/2003,129,FAGR-04,57,BB,65,-99,-99,-99,-99,-99,-99,-99,-99,-99,-99,
5/9/2003,129,QUAL-03,58,VS,0,ND,0,0,ND,0,-99,0,0,0,0,
5/9/2003,129,ACSA-02,59,BB,95,ND,0,0,ND,0,0,0,0,0,0,
5/9/2003,129,FRAM-03,60,VS,0,ND,0,0,ND,0,-99,0,0,0,0,
5/9/2003,129,SAPU-02,61,BB,100,BB,50,0,-99,-99,-99,-99,-99,-99,-99,
5/9/2003,129,POTR-04,62,BB,100,BB,100,100,M,-99,-99,-99,-99,-99,-99,
5/9/2003,129,ACSA-03,63,BB,80,BB,100,55,ND,-99,-99,0,0,0,0,
5/9/2003,129,PRSE-04,64,BB,100,-99,-99,-99,-99,-99,-99,-99,-99,-99,-99,
5/9/2003,129,QURU-04,65,BB,3,BB,1,0,ND,0,-99,0,0,0,0,
5/9/2003,129,ACRU-05,66,BB,97,BB,100,100,F,0,0,0,0,0,0,fruit developing ~1.5cm
5/9/2003,129,FRAM-04,67,VS,0,VS,0,0,ND,0,-99,0,0,0,0,
5/9/2003,129,POTR-02,68,BB,100,BB,100,100,F,-99,-99,-99,-99,-99,-99,fruit developing
5/15/2003,135,AMSP-01,1,BB,100,BB,100,100,-99,-99,-99,-99,-99,-99,-99,
5/15/2003,135,FRAM-01,2,BB,65,ND,0,0,ND,0,-99,3,0,0,0,
5/15/2003,135,PRSE-01,3,BB,100,-99,-99,-99,-99,-99,-99,-99,-99,-99,-99,
5/15/2003,135,VICA-01,4,BB,100,-99,-99,-99,-99,-99,-99,-99,-99,-99,-99,
5/15/2003,135,ACRU-01,5,BB,15,BB,100,100,M,-99,-99,0,0,0,0,
5/15/2003,135,SAPU-01,6,BB,100,BB,80,10,-99,-99,-99,-99,-99,-99,-99,
5/15/2003,135,COAL-01,7,BB,100,VS,0,0,-99,-99,-99,-99,-99,-99,-99,
5/15/2003,135,AMSP-02,8,BB,99,BB,100,95,-99,-99,-99,-99,-99,-99,-99,
5/15/2003,135,ACSA-01,9,BB,100,ND,0,0,ND,-99,-99,25,0,0,0,
5/15/2003,135,BELE-01,10,BB,20,BB,55,0,-99,-99,-99,-99,-99,-99,-99,
5/15/2003,135,SAPU-03,11,BB,100,BB,35,0,-99,-99,-99,-99,-99,-99,-99,
5/15/2003,135,SAPU-04,12,BB,100,-99,-99,-99,-99,-99,-99,-99,-99,-99,-99,
5/15/2003,135,BEAL-01,13,BB,85,-99,-99,-99,ND,0,-99,0,0,0,0,
5/15/2003,135,COAL-04,14,-99,-99,-99,-99,-99,-99,-99,-99,-99,-99,-99,-99,dead
5/15/2003,135,QURU-01,15,BB,45,BB,5,0,ND,-99,-99,0,0,0,0,
5/15/2003,135,VICA-02,16,BB,100,-99,-99,-99,-99,-99,-99,-99,-99,-99,-99
5/15/2003,135,QUAL-04,17,BB,1,ND,0,0,ND,0,-99,0,0,0,0
5/15/2003,135,FAGR-01,18,BB,10,-99,-99,-99,-99,-99,-99,-99,-99,-99,-99
5/15/2003,135,VIAL-01,19,BB,100,BB,100,55,-99,-99,-99,-99,-99,-99,-99
5/15/2003,135,ACPE-01,20,BB,100,BB,15,0,M,9,7,15,0,0,0
5/15/2003,135,QUVE-01,21,BB,20,BB,25,0,-99,-99,-99,-99,-99,-99,-99
5/15/2003,135,BEPA-01,22,BB,99,-99,-99,-99,-99,-99,-99,-99,-99,-99,-99
5/15/2003,135,CRSP-01,23,BB,95,-99,-99,-99,-99,-99,-99,-99,-99,-99,-99
5/15/2003,135,ACRU-02,24,BB,65,BB,100,100,M,0,0,0,0,0,0
5/15/2003,135,ACPE-02,25,BB,90,BB,8,0,M,0,0,0,0,0,0
5/15/2003,135,FAGR-05,26,BB,40,-99,-99,-99,-99,-99,-99,-99,-99,-99,-99
5/15/2003,135,ACPE-03,27,BB,95,BB,3,0,M,0,0,0,0,0,0
5/15/2003,135,HAVI-01,28,BB,100,ND,0,0,ND,0,-99,0,0,0,0
5/15/2003,135,BEAL-02,29,BB,8,BB,25,0,ND,0,-99,0,0,0,0
5/15/2003,135,BELE-02,30,VS,0,-99,-99,-99,-99,-99,-99,-99,-99,-99,-99
5/15/2003,135,VICA-03,31,BB,100,-99,-99,-99,-99,-99,-99,-99,-99,-99,-99
5/15/2003,135,VIAL-02,32,BB,100,-99,-99,-99,-99,-99,-99,-99,-99,-99,-99
5/15/2003,135,FAGR-03,33,BB,80,-99,-99,-99,-99,-99,-99,-99,-99,-99,-99
5/15/2003,135,AMSP-03,34,BB,98,-99,-99,-99,-99,-99,-99,-99,-99,-99,-99
5/15/2003,135,BEAL-03,35,BB,75,BB,90,0,ND,0,-99,0,0,0,0
5/15/2003,135,HAVI-02,36,BB,100,ND,0,0,ND,-99,-99,15,0,0,0
5/15/2003,135,QURU-02,37,VS,0,ND,0,0,ND,-99,-99,0,0,0,0
5/15/2003,135,ACRU-03,38,BB,40,BB,100,100,M,-99,-99,0,0,0,0
5/15/2003,135,VIAL-03,39,BB,100,BB,100,10,-99,-99,-99,-99,-99,-99,-99
5/15/2003,135,ACPE-04,40,BB,25,ND,0,0,ND,0,0,0,0,0,0
5/15/2003,135,QUVE-02,41,BB,10,-99,-99,-99,-99,-99,-99,-99,-99,-99,-99
5/15/2003,135,ACRU-04,42,BB,98,BB,100,100,M,0,0,0,0,0,0
5/15/2003,135,QUAL-02,43,VS,0,ND,0,0,ND,0,-99,0,0,0,0
5/15/2003,135,CRSP-03,44,BB,100,-99,-99,-99,-99,-99,-99,-99,-99,-99,-99
5/15/2003,135,BELE-03,45,BB,15,BB,20,0,-99,-99,-99,-99,-99,-99,-99
5/15/2003,135,HAVI-03,46,BB,97,ND,0,0,ND,-99,-99,0,0,0,0
5/15/2003,135,QUVE-03,47,BB,3,VS,0,0,-99,-99,-99,-99,-99,-99,-99
5/15/2003,135,QUVE-04,48,BB,20,-99,-99,-99,-99,-99,-99,-99,-99,-99,-99,
5/15/2003,135,QURU-03,49,BB,65,BB,5,0,ND,-99,-99,0,0,0,0,hard to see flowers
5/15/2003,135,CRSP-02,50,BB,95,VS,0,0,-99,-99,-99,-99,-99,-99,-99,
5/15/2003,135,PRSE-02,51,BB,100,-99,-99,-99,-99,-99,-99,-99,-99,-99,-99,
5/15/2003,135,BEPA-02,52,BB,100,-99,-99,-99,-99,-99,-99,-99,-99,-99,-99,
5/15/2003,135,BEPA-03,53,BB,100,-99,-99,-99,-99,-99,-99,-99,-99,-99,-99,
5/15/2003,135,BEPA-04,54,BB,100,BB,100,55,-99,-99,-99,-99,-99,-99,-99,
5/15/2003,135,COAL-03,55,BB,100,VS,0,0,-99,-99,-99,-99,-99,-99,-99,
5/15/2003,135,FRAM-02,56,BB,3,ND,0,0,ND,-99,-99,0,0,0,0,
5/15/2003,135,FAGR-04,57,BB,100,-99,-99,-99,-99,-99,-99,-99,-99,-99,-99,
5/15/2003,135,QUAL-03,58,VS,0,ND,0,0,ND,0,-99,0,0,0,0,
5/15/2003,135,ACSA-02,59,BB,100,ND,0,0,ND,-99,-99,13,0,0,0,
5/15/2003,135,FRAM-03,60,BB,20,ND,0,0,ND,0,-99,0,0,0,0,
5/15/2003,135,SAPU-02,61,BB,100,BB,100,30,-99,-99,-99,-99,-99,-99,-99,
5/15/2003,135,POTR-04,62,BB,100,BB,100,100,M,-99,-99,-99,-99,-99,-99,
5/15/2003,135,ACSA-03,63,BB,100,BB,100,100,ND,-99,-99,13,0,0,0,fruit developing
5/15/2003,135,PRSE-04,64,BB,100,-99,-99,-99,-99,-99,-99,-99,-99,-99,-99,
5/15/2003,135,QURU-04,65,BB,65,VS,0,0,ND,0,-99,0,0,0,0,
5/15/2003,135,ACRU-05,66,BB,100,BB,100,100,F,-99,-99,13,0,0,0,fruit ~2cm
5/15/2003,135,FRAM-04,67,BB,5,BB,55,0,M,0,-99,0,0,0,0,
5/15/2003,135,POTR-02,68,BB,100,BB,100,100,F,-99,-99,-99,-99,-99,-99,fruit still on
5/20/2003,140,AMSP-01,1,BB,100,BB,100,100,-99,-99,-99,-99,-99,-99,-99,
5/20/2003,140,FRAM-01,2,BB,100,ND,0,0,ND,-99,-99,-99,0,0,0,
5/20/2003,140,PRSE-01,3,BB,100,-99,-99,-99,-99,-99,-99,-99,-99,-99,-99,
5/20/2003,140,VICA-01,4,BB,100,-99,-99,-99,-99,-99,-99,-99,-99,-99,-99,
5/20/2003,140,ACRU-01,5,BB,65,BB,100,100,M,-99,-99,0,0,0,0,
5/20/2003,140,SAPU-01,6,BB,100,BB,100,55,-99,-99,-99,-99,-99,-99,-99,
5/20/2003,140,COAL-01,7,BB,100,VS,0,0,-99,-99,-99,-99,-99,-99,-99,
5/20/2003,140,AMSP-02,8,BB,100,BB,100,100,-99,-99,-99,-99,-99,-99,-99,
5/20/2003,140,ACSA-01,9,BB,100,ND,0,0,ND,11,12,45,0,0,0,
5/20/2003,140,BELE-01,10,BB,98,BB,95,8,-99,-99,-99,-99,-99,-99,-99,
5/20/2003,140,SAPU-03,11,BB,100,BB,100,65,-99,-99,-99,-99,-99,-99,-99,
5/20/2003,140,SAPU-04,12,BB,100,BB,100,100,-99,-99,-99,-99,-99,-99,-99,
5/20/2003,140,BEAL-01,13,BB,99,-99,-99,-99,ND,0,-99,-99,0,0,0,
5/20/2003,140,COAL-04,14,-99,-99,-99,-99,-99,-99,-99,-99,-99,-99,-99,-99,dead
5/20/2003,140,QURU-01,15,BB,98,BB,95,-99,ND,-99,-99,0,0,0,0,
5/20/2003,140,VICA-02,16,BB,100,-99,-99,-99,-99,-99,-99,-99,-99,-99,-99,
5/20/2003,140,QUAL-04,17,BB,45,ND,0,0,ND,0,-99,0,0,0,0,
5/20/2003,140,FAGR-01,18,BB,100,-99,-99,-99,-99,-99,-99,-99,-99,-99,-99,
5/20/2003,140,VIAL-01,19,BB,100,-99,-99,-99,-99,-99,-99,-99,-99,-99,-99,
5/20/2003,140,ACPE-01,20,BB,100,BB,100,10,M,14,11,40,0,0,0,
5/20/2003,140,QUVE-01,21,BB,90,BB,95,-99,-99,-99,-99,-99,-99,-99,-99,
5/20/2003,140,BEPA-01,22,BB,100,-99,-99,-99,-99,-99,-99,-99,-99,-99,-99,
5/20/2003,140,CRSP-01,23,BB,100,-99,-99,-99,-99,-99,-99,-99,-99,-99,-99,
5/20/2003,140,ACRU-02,24,BB,95,BB,100,100,M,0,0,20,0,0,0,
5/20/2003,140,ACPE-02,25,BB,100,BB,70,0,M,11,9,15,0,0,0,
5/20/2003,140,FAGR-05,26,BB,100,-99,-99,-99,-99,-99,-99,-99,-99,-99,-99,
5/20/2003,140,ACPE-03,27,BB,100,BB,75,0,M,11,10,15,0,0,0,
5/20/2003,140,HAVI-01,28,BB,100,ND,0,0,ND,7,-99,15,0,0,0
5/20/2003,140,BEAL-02,29,BB,85,-99,-99,-99,ND,0,-99,0,0,0,0
5/20/2003,140,BELE-02,30,BB,70,-99,-99,-99,-99,-99,-99,-99,-99,-99,-99
5/20/2003,140,VICA-03,31,BB,100,-99,-99,-99,-99,-99,-99,-99,-99,-99,-99
5/20/2003,140,VIAL-02,32,BB,100,-99,-99,-99,-99,-99,-99,-99,-99,-99,-99
5/20/2003,140,FAGR-03,33,BB,99,-99,-99,-99,-99,-99,-99,-99,-99,-99,-99
5/20/2003,140,AMSP-03,34,BB,100,-99,-99,-99,-99,-99,-99,-99,-99,-99,-99
5/20/2003,140,BEAL-03,35,BB,99,BB,100,25,ND,0,-99,0,0,0,0
5/20/2003,140,HAVI-02,36,BB,100,ND,0,0,ND,7,-99,30,0,0,S
5/20/2003,140,QURU-02,37,BB,50,BB,80,0,ND,-99,-99,0,0,0,0
5/20/2003,140,ACRU-03,38,BB,85,BB,100,100,M,-99,-99,0,0,0,0
5/20/2003,140,VIAL-03,39,BB,100,BB,100,85,-99,-99,-99,-99,-99,-99,-99
5/20/2003,140,ACPE-04,40,BB,95,BB,70,0,F,9,8,20,0,0,0
5/20/2003,140,QUVE-02,41,BB,75,-99,-99,-99,-99,-99,-99,-99,-99,-99,-99
5/20/2003,140,ACRU-04,42,BB,100,BB,100,100,M,-99,-99,30,0,0,0
5/20/2003,140,QUAL-02,43,BB,55,ND,0,0,ND,0,-99,0,0,0,0
5/20/2003,140,CRSP-03,44,BB,100,-99,-99,-99,-99,-99,-99,-99,-99,-99,-99
5/20/2003,140,BELE-03,45,BB,60,BB,100,25,-99,-99,-99,-99,-99,-99,-99
5/20/2003,140,HAVI-03,46,BB,99,ND,0,0,ND,6,-99,15,0,0,0
5/20/2003,140,QUVE-03,47,BB,40,BB,45,0,-99,-99,-99,-99,-99,-99,-99
5/20/2003,140,QUVE-04,48,BB,50,-99,-99,-99,-99,-99,-99,-99,-99,-99,-99
5/20/2003,140,QURU-03,49,BB,98,BB,100,90,ND,-99,-99,13,0,0,0
5/20/2003,140,CRSP-02,50,BB,99,VS,0,0,-99,-99,-99,-99,-99,-99,-99
5/20/2003,140,PRSE-02,51,BB,100,-99,-99,-99,-99,-99,-99,-99,-99,-99,-99
5/20/2003,140,BEPA-02,52,BB,100,-99,-99,-99,-99,-99,-99,-99,-99,-99,-99
5/20/2003,140,BEPA-03,53,BB,100,-99,-99,-99,-99,-99,-99,-99,-99,-99,-99
5/20/2003,140,BEPA-04,54,BB,100,BB,100,100,-99,-99,-99,-99,-99,-99,-99
5/20/2003,140,COAL-03,55,BB,100,VS,0,0,-99,-99,-99,-99,-99,-99,-99
5/20/2003,140,FRAM-02,56,BB,95,ND,0,0,ND,-99,-99,0,0,0,0
5/20/2003,140,FAGR-04,57,BB,100,-99,-99,-99,-99,-99,-99,-99,-99,-99,-99
5/20/2003,140,QUAL-03,58,BB,5,ND,0,0,ND,0,-99,0,0,0,0
5/20/2003,140,ACSA-02,59,BB,100,ND,0,0,ND,12,12,40,0,0,0
5/20/2003,140,FRAM-03,60,BB,100,ND,0,0,ND,9,-99,0,0,0,0,
5/20/2003,140,SAPU-02,61,BB,100,BB,100,100,-99,-99,-99,-99,-99,-99,-99,fruit developing
5/20/2003,140,POTR-04,62,BB,100,BB,100,100,M,-99,-99,-99,-99,-99,-99,
5/20/2003,140,ACSA-03,63,BB,100,BB,100,100,ND,-99,-99,45,0,0,0,fruit developing
5/20/2003,140,PRSE-04,64,BB,100,-99,-99,-99,-99,-99,-99,-99,-99,-99,-99,
5/20/2003,140,QURU-04,65,BB,97,BB,100,10,ND,0,-99,13,0,0,0,
5/20/2003,140,ACRU-05,66,BB,100,BB,100,100,F,9,8,40,0,0,0,fruit ~2cm
5/20/2003,140,FRAM-04,67,BB,95,BB,100,55,M,11,-99,8,0,0,0,
5/20/2003,140,POTR-02,68,BB,100,BB,100,100,F,-99,-99,-99,-99,-99,-99,fruit still on
5/27/2003,147,AMSP-01,1,BB,100,BB,100,100,-99,-99,-99,-99,-99,-99,-99,
5/27/2003,147,FRAM-01,2,BB,100,ND,0,0,ND,-99,-99,20,0,0,0,
5/27/2003,147,PRSE-01,3,BB,100,-99,-99,-99,-99,-99,-99,-99,-99,-99,-99,
5/27/2003,147,VICA-01,4,BB,100,-99,-99,-99,-99,-99,-99,-99,-99,-99,-99,
5/27/2003,147,ACRU-01,5,BB,97,BB,100,100,M,-99,-99,30,0,0,0,
5/27/2003,147,SAPU-01,6,BB,100,BB,100,100,-99,-99,-99,-99,-99,-99,-99,
5/27/2003,147,COAL-01,7,BB,100,VS,0,0,-99,-99,-99,-99,-99,-99,-99,
5/27/2003,147,AMSP-02,8,BB,100,BB,100,100,-99,-99,-99,-99,-99,-99,-99,
5/27/2003,147,ACSA-01,9,BB,100,ND,0,0,ND,12,14,65,30,0,0,
5/27/2003,147,BELE-01,10,BB,99,BB,100,100,-99,-99,-99,-99,-99,-99,-99,
5/27/2003,147,SAPU-03,11,BB,100,BB,100,100,-99,-99,-99,-99,-99,-99,-99,
5/27/2003,147,SAPU-04,12,BB,100,BB,100,100,-99,-99,-99,-99,-99,-99,-99,
5/27/2003,147,BEAL-01,13,BB,100,BB,100,100,ND,10,-99,55,25,0,S,
5/27/2003,147,COAL-04,14,-99,-99,-99,-99,-99,-99,-99,-99,-99,-99,-99,-99,dead
5/27/2003,147,QURU-01,15,BB,100,BB,100,100,ND,-99,-99,18,0,0,0,
5/27/2003,147,VICA-02,16,BB,100,-99,-99,-99,-99,-99,-99,-99,-99,-99,-99,
5/27/2003,147,QUAL-04,17,BB,60,ND,0,0,ND,0,-99,13,0,0,0,
5/27/2003,147,FAGR-01,18,BB,100,-99,-99,-99,-99,-99,-99,-99,-99,-99,-99,
5/27/2003,147,VIAL-01,19,BB,100,BB,100,100,-99,-99,-99,-99,-99,-99,-99,
5/27/2003,147,ACPE-01,20,BB,100,BB,100,55,M,16,13,58,40,0,0,
5/27/2003,147,QUVE-01,21,BB,98,BB,100,55,-99,-99,-99,-99,-99,-99,-99,
5/27/2003,147,BEPA-01,22,BB,100,-99,-99,-99,-99,-99,-99,-99,-99,-99,-99,
5/27/2003,147,CRSP-01,23,BB,100,-99,-99,-99,-99,-99,-99,-99,-99,-99,-99,
5/27/2003,147,ACRU-02,24,BB,99,BB,100,100,M,9,9,30,0,0,0
5/27/2003,147,ACPE-02,25,BB,100,BB,100,10,M,15,14,38,0,0,0
5/27/2003,147,FAGR-05,26,BB,100,-99,-99,-99,-99,-99,-99,-99,-99,-99,-99
5/27/2003,147,ACPE-03,27,BB,100,BB,100,20,M,15,15,40,0,0,S
5/27/2003,147,HAVI-01,28,BB,100,ND,0,0,ND,9,-99,43,0,0,S
5/27/2003,147,BEAL-02,29,BB,100,-99,-99,-99,ND,-99,-99,0,0,0,0
5/27/2003,147,BELE-02,30,BB,100,-99,-99,-99,-99,-99,-99,-99,-99,-99,-99
5/27/2003,147,VICA-03,31,BB,100,-99,-99,-99,-99,-99,-99,-99,-99,-99,-99
5/27/2003,147,VIAL-02,32,BB,100,-99,-99,-99,-99,-99,-99,-99,-99,-99,-99
5/27/2003,147,FAGR-03,33,BB,100,-99,-99,-99,-99,-99,-99,-99,-99,-99,-99
5/27/2003,147,AMSP-03,34,BB,100,-99,-99,-99,-99,-99,-99,-99,-99,-99,-99
5/27/2003,147,BEAL-03,35,BB,100,BB,100,100,ND,7,-99,58,25,0,0
5/27/2003,147,HAVI-02,36,BB,100,ND,0,0,ND,9,-99,58,35,0,S
5/27/2003,147,QURU-02,37,BB,97,-99,-99,-99,ND,-99,-99,0,0,0,0
5/27/2003,147,ACRU-03,38,BB,99,BB,100,100,M,-99,-99,18,0,0,0
5/27/2003,147,VIAL-03,39,BB,100,BB,100,100,-99,-99,-99,-99,-99,-99,-99
5/27/2003,147,ACPE-04,40,BB,95,BB,100,-99,F,12,12,43,10,0,0
5/27/2003,147,QUVE-02,41,BB,90,-99,-99,-99,-99,-99,-99,-99,-99,-99,-99
5/27/2003,147,ACRU-04,42,BB,100,BB,100,100,M,10,12,48,0,0,0
5/27/2003,147,QUAL-02,43,BB,95,ND,0,0,ND,0,-99,0,0,0,0
5/27/2003,147,CRSP-03,44,BB,100,-99,-99,-99,-99,-99,-99,-99,-99,-99,-99
5/27/2003,147,BELE-03,45,BB,97,-99,-99,-99,-99,-99,-99,-99,-99,-99,-99
5/27/2003,147,HAVI-03,46,BB,100,ND,0,0,ND,9,-99,35,0,0,S
5/27/2003,147,QUVE-03,47,BB,80,-99,-99,-99,-99,-99,-99,-99,-99,-99,-99
5/27/2003,147,QUVE-04,48,BB,95,-99,-99,-99,-99,-99,-99,-99,-99,-99,-99
5/27/2003,147,QURU-03,49,BB,100,BB,100,100,ND,-99,-99,18,0,0,0
5/27/2003,147,CRSP-02,50,BB,98,BB,75,8,-99,-99,-99,-99,-99,-99,-99
5/27/2003,147,PRSE-02,51,BB,100,-99,-99,-99,-99,-99,-99,-99,-99,-99,-99
5/27/2003,147,BEPA-02,52,BB,100,-99,-99,-99,-99,-99,-99,-99,-99,-99,-99
5/27/2003,147,BEPA-03,53,BB,100,-99,-99,-99,-99,-99,-99,-99,-99,-99,-99
5/27/2003,147,BEPA-04,54,BB,100,BB,100,100,-99,-99,-99,-99,-99,-99,-99
5/27/2003,147,COAL-03,55,BB,100,VS,0,0,-99,-99,-99,-99,-99,-99,-99
5/27/2003,147,FRAM-02,56,BB,100,ND,0,0,ND,-99,-99,13,0,0,0,
5/27/2003,147,FAGR-04,57,BB,100,-99,-99,-99,-99,-99,-99,-99,-99,-99,-99,
5/27/2003,147,QUAL-03,58,BB,90,ND,0,0,ND,0,-99,0,0,0,0,
5/27/2003,147,ACSA-02,59,BB,100,ND,0,0,ND,14,13,75,75,0,0,
5/27/2003,147,FRAM-03,60,BB,100,ND,0,0,ND,18,-99,18,0,0,0,
5/27/2003,147,SAPU-02,61,BB,100,BB,100,100,-99,-99,-99,-99,-99,-99,-99,
5/27/2003,147,POTR-04,62,BB,100,BB,100,100,M,-99,-99,-99,-99,-99,-99,
5/27/2003,147,ACSA-03,63,BB,100,BB,100,100,ND,-99,-99,68,75,5,0,
5/27/2003,147,PRSE-04,64,BB,100,-99,-99,-99,-99,-99,-99,-99,-99,-99,-99,
5/27/2003,147,QURU-04,65,BB,100,BB,100,100,ND,-99,-99,23,0,0,0,
5/27/2003,147,ACRU-05,66,BB,100,BB,100,100,F,12,11,65,35,0,S,first fruit falling
5/27/2003,147,FRAM-04,67,BB,100,BB,100,100,M,19,-99,18,0,0,0,
5/27/2003,147,POTR-02,68,BB,100,BB,100,100,F,-99,-99,-99,-99,-99,-99,fruit falling
6/2/2003,153,AMSP-01,1,BB,100,BB,100,100,-99,-99,-99,-99,-99,-99,-99,
6/2/2003,153,FRAM-01,2,BB,100,ND,0,0,ND,20,-99,43,0,0,0,
6/2/2003,153,PRSE-01,3,BB,100,-99,-99,-99,-99,-99,-99,-99,-99,-99,-99,
6/2/2003,153,VICA-01,4,BB,100,-99,-99,-99,-99,-99,-99,-99,-99,-99,-99,
6/2/2003,153,ACRU-01,5,BB,99,BB,100,100,M,-99,-99,55,45,0,0,
6/2/2003,153,SAPU-01,6,BB,100,BB,100,100,-99,-99,-99,-99,-99,-99,-99,
6/2/2003,153,COAL-01,7,BB,100,VS,0,0,-99,-99,-99,-99,-99,-99,-99,
6/2/2003,153,AMSP-02,8,BB,100,BB,100,100,-99,-99,-99,-99,-99,-99,-99,
6/2/2003,153,ACSA-01,9,BB,100,ND,0,0,ND,14,14,78,80,10,0,
6/2/2003,153,BELE-01,10,BB,100,BB,100,100,-99,-99,-99,-99,-99,-99,-99,
6/2/2003,153,SAPU-03,11,BB,100,BB,100,100,-99,-99,-99,-99,-99,-99,-99,
6/2/2003,153,SAPU-04,12,BB,100,BB,100,100,-99,-99,-99,-99,-99,-99,-99,
6/2/2003,153,BEAL-01,13,BB,100,BB,100,100,ND,12,-99,78,80,15,S,
6/2/2003,153,COAL-04,14,-99,-99,-99,-99,-99,-99,-99,-99,-99,-99,-99,-99,dead
6/2/2003,153,QURU-01,15,BB,100,BB,100,100,ND,-99,-99,53,20,0,0,
6/2/2003,153,VICA-02,16,BB,100,-99,-99,-99,-99,-99,-99,-99,-99,-99,-99,
6/2/2003,153,QUAL-04,17,BB,80,ND,0,0,ND,10,-99,23,0,0,0,
6/2/2003,153,FAGR-01,18,BB,100,-99,-99,-99,-99,-99,-99,-99,-99,-99,-99,
6/2/2003,153,VIAL-01,19,BB,100,BB,100,100,-99,-99,-99,-99,-99,-99,-99,
6/2/2003,153,ACPE-01,20,BB,100,BB,100,92,M,19,15,63,70,10,S
6/2/2003,153,QUVE-01,21,BB,100,BB,100,100,-99,-99,-99,-99,-99,-99,-99
6/2/2003,153,BEPA-01,22,BB,100,-99,-99,-99,-99,-99,-99,-99,-99,-99,-99
6/2/2003,153,CRSP-01,23,BB,100,-99,-99,-99,-99,-99,-99,-99,-99,-99,-99
6/2/2003,153,ACRU-02,24,BB,100,BB,100,100,M,11,12,60,40,0,S
6/2/2003,153,ACPE-02,25,BB,100,BB,100,25,M,19,18,55,40,0,S
6/2/2003,153,FAGR-05,26,BB,100,-99,-99,-99,-99,-99,-99,-99,-99,-99,-99
6/2/2003,153,ACPE-03,27,BB,100,BB,100,35,M,17,17,60,50,0,-99
6/2/2003,153,HAVI-01,28,BB,100,ND,0,0,ND,12,-99,60,40,0,0
6/2/2003,153,BEAL-02,29,BB,100,-99,-99,-99,ND,8,-99,68,60,0,0
6/2/2003,153,BELE-02,30,BB,100,-99,-99,-99,-99,-99,-99,-99,-99,-99,-99
6/2/2003,153,VICA-03,31,BB,100,-99,-99,-99,-99,-99,-99,-99,-99,-99,-99
6/2/2003,153,VIAL-02,32,BB,100,-99,-99,-99,-99,-99,-99,-99,-99,-99,-99
6/2/2003,153,FAGR-03,33,BB,100,-99,-99,-99,-99,-99,-99,-99,-99,-99,-99
6/2/2003,153,AMSP-03,34,BB,100,-99,-99,-99,-99,-99,-99,-99,-99,-99,-99
6/2/2003,153,BEAL-03,35,BB,100,ND,100,100,ND,9,-99,73,70,10,S
6/2/2003,153,HAVI-02,36,BB,100,ND,0,0,ND,11,-99,73,75,10,F
6/2/2003,153,QURU-02,37,BB,100,-99,-99,-99,ND,-99,-99,25,0,0,0
6/2/2003,153,ACRU-03,38,BB,100,BB,100,100,M,-99,-99,55,30,0,0
6/2/2003,153,VIAL-03,39,BB,100,BB,100,100,-99,-99,-99,-99,-99,-99,-99
6/2/2003,153,ACPE-04,40,BB,100,BB,100,95,F,16,17,58,40,10,F
6/2/2003,153,QUVE-02,41,BB,98,-99,-99,-99,-99,-99,-99,-99,-99,-99,-99
6/2/2003,153,ACRU-04,42,BB,100,BB,100,100,M,13,14,73,75,5,F
6/2/2003,153,QUAL-02,43,BB,99,ND,0,0,ND,-99,-99,18,0,0,0
6/2/2003,153,CRSP-03,44,BB,100,-99,-99,-99,-99,-99,-99,-99,-99,-99,-99
6/2/2003,153,BELE-03,45,BB,100,-99,-99,-99,-99,-99,-99,-99,-99,-99,-99
6/2/2003,153,HAVI-03,46,BB,100,ND,0,0,ND,11,-99,70,70,5,F
6/2/2003,153,QUVE-03,47,BB,97,-99,-99,-99,-99,-99,-99,-99,-99,-99,-99
6/2/2003,153,QUVE-04,48,BB,98,-99,-99,-99,-99,-99,-99,-99,-99,-99,-99
6/2/2003,153,QURU-03,49,BB,100,BB,100,100,ND,-99,-99,60,40,0,0
6/2/2003,153,CRSP-02,50,BB,100,BB,100,55,-99,-99,-99,-99,-99,-99,-99
6/2/2003,153,PRSE-02,51,BB,100,-99,-99,-99,-99,-99,-99,-99,-99,-99,-99
6/2/2003,153,BEPA-02,52,BB,100,-99,-99,-99,-99,-99,-99,-99,-99,-99,-99,
6/2/2003,153,BEPA-03,53,BB,100,-99,-99,-99,-99,-99,-99,-99,-99,-99,-99,
6/2/2003,153,BEPA-04,54,BB,100,BB,100,100,-99,-99,-99,-99,-99,-99,-99,
6/2/2003,153,COAL-03,55,BB,100,VS,0,0,-99,-99,-99,-99,-99,-99,-99,
6/2/2003,153,FRAM-02,56,BB,100,ND,0,0,ND,-99,-99,40,0,0,0,
6/2/2003,153,FAGR-04,57,BB,100,-99,-99,-99,-99,-99,-99,-99,-99,-99,-99,
6/2/2003,153,QUAL-03,58,BB,99,ND,0,0,ND,0,-99,13,0,0,0,
6/2/2003,153,ACSA-02,59,BB,100,ND,0,0,ND,17,18,85,80,50,0,
6/2/2003,153,FRAM-03,60,BB,100,ND,0,0,ND,25,-99,35,0,0,0,
6/2/2003,153,SAPU-02,61,BB,100,BB,100,100,-99,-99,-99,-99,-99,-99,-99,
6/2/2003,153,POTR-04,62,BB,100,BB,100,100,M,-99,-99,-99,-99,-99,-99,
6/2/2003,153,ACSA-03,63,BB,100,BB,100,100,ND,-99,-99,73,80,40,M,fruit developing
6/2/2003,153,PRSE-04,64,BB,100,-99,-99,-99,-99,-99,-99,-99,-99,-99,-99,
6/2/2003,153,QURU-04,65,BB,100,BB,100,100,ND,-99,-99,55,40,0,0,
6/2/2003,153,ACRU-05,66,BB,100,BB,100,100,F,12,13,80,80,25,M,30% fruit fallen
6/2/2003,153,FRAM-04,67,BB,100,BB,100,100,M,27,-99,30,0,0,0,
6/2/2003,153,POTR-02,68,BB,100,BB,100,100,F,-99,-99,-99,-99,-99,-99,fruit gone
6/6/2003,157,AMSP-01,1,BB,100,BB,100,100,-99,-99,-99,-99,-99,-99,-99,
6/6/2003,157,FRAM-01,2,BB,100,ND,0,0,ND,-99,-99,55,0,0,0,
6/6/2003,157,PRSE-01,3,BB,100,-99,-99,-99,-99,-99,-99,-99,-99,-99,-99,
6/6/2003,157,VICA-01,4,BB,100,-99,-99,-99,-99,-99,-99,-99,-99,-99,-99,
6/6/2003,157,ACRU-01,5,BB,100,BB,100,100,M,-99,-99,68,70,25,S,
6/6/2003,157,SAPU-01,6,BB,100,BB,100,100,-99,-99,-99,-99,-99,-99,-99,
6/6/2003,157,COAL-01,7,BB,100,-99,-99,-99,-99,-99,-99,-99,-99,-99,-99,
6/6/2003,157,AMSP-02,8,BB,100,BB,100,100,-99,-99,-99,-99,-99,-99,-99,
6/6/2003,157,ACSA-01,9,BB,100,ND,0,0,ND,14,15,85,80,50,F,
6/6/2003,157,BELE-01,10,BB,100,BB,100,100,-99,-99,-99,-99,-99,-99,-99,
6/6/2003,157,SAPU-03,11,BB,100,BB,100,100,-99,-99,-99,-99,-99,-99,-99,
6/6/2003,157,SAPU-04,12,BB,100,BB,100,100,-99,-99,-99,-99,-99,-99,-99,
6/6/2003,157,BEAL-01,13,BB,100,BB,100,100,ND,12,-99,85,80,40,M,
6/6/2003,157,COAL-04,14,-99,-99,-99,-99,-99,-99,-99,-99,-99,-99,-99,-99,dead
6/6/2003,157,QURU-01,15,BB,100,BB,100,100,ND,-99,-99,63,40,0,0,
6/6/2003,157,VICA-02,16,BB,100,-99,-99,-99,-99,-99,-99,-99,-99,-99,-99
6/6/2003,157,QUAL-04,17,BB,90,ND,0,0,ND,16,-99,48,10,0,0
6/6/2003,157,FAGR-01,18,BB,100,-99,-99,-99,-99,-99,-99,-99,-99,-99,-99
6/6/2003,157,VIAL-01,19,BB,100,BB,100,100,-99,-99,-99,-99,-99,-99,-99
6/6/2003,157,ACPE-01,20,BB,100,BB,100,100,M,20,18,80,80,25,S
6/6/2003,157,QUVE-01,21,BB,100,BB,100,100,-99,-99,-99,-99,-99,-99,-99
6/6/2003,157,BEPA-01,22,BB,100,-99,-99,-99,-99,-99,-99,-99,-99,-99,-99
6/6/2003,157,CRSP-01,23,BB,100,-99,-99,-99,-99,-99,-99,-99,-99,-99,-99
6/6/2003,157,ACRU-02,24,BB,100,BB,100,100,M,12,13,75,75,25,S
6/6/2003,157,ACPE-02,25,BB,100,BB,100,80,M,20,20,80,80,20,S
6/6/2003,157,FAGR-05,26,BB,100,-99,-99,-99,-99,-99,-99,-99,-99,-99,-99
6/6/2003,157,ACPE-03,27,BB,100,BB,100,80,M,20,20,75,80,30,F
6/6/2003,157,HAVI-01,28,BB,100,ND,0,0,ND,13,-99,68,70,15,0
6/6/2003,157,BEAL-02,29,BB,100,-99,-99,-99,ND,9,-99,75,80,25,F
6/6/2003,157,BELE-02,30,BB,100,-99,-99,-99,-99,-99,-99,-99,-99,-99,-99
6/6/2003,157,VICA-03,31,BB,100,-99,-99,-99,-99,-99,-99,-99,-99,-99,-99
6/6/2003,157,VIAL-02,32,BB,100,-99,-99,-99,-99,-99,-99,-99,-99,-99,-99,
6/6/2003,157,FAGR-03,33,BB,100,-99,-99,-99,-99,-99,-99,-99,-99,-99,-99,
6/6/2003,157,AMSP-03,34,BB,100,-99,-99,-99,-99,-99,-99,-99,-99,-99,-99,
6/6/2003,157,BEAL-03,35,BB,100,ND,100,100,ND,11,-99,70,75,20,M,
6/6/2003,157,HAVI-02,36,BB,100,ND,0,0,ND,12,-99,85,80,45,0,
6/6/2003,157,QURU-02,37,BB,100,-99,-99,-99,ND,-99,-99,53,25,0,0,
6/6/2003,157,ACRU-03,38,BB,100,BB,100,100,M,-99,-99,73,75,15,F,
6/6/2003,157,VIAL-03,39,BB,100,BB,100,100,-99,-99,-99,-99,-99,-99,-99,
6/6/2003,157,ACPE-04,40,BB,100,BB,100,100,F,15,16,75,75,20,F,fruit developing ~1cm
6/6/2003,157,QUVE-02,41,BB,100,-99,-99,-99,-99,-99,-99,-99,-99,-99,-99,
6/6/2003,157,ACRU-04,42,BB,100,BB,100,100,M,13,14,73,80,25,F,
6/6/2003,157,QUAL-02,43,BB,100,ND,0,0,ND,-99,-99,35,0,0,0,
6/6/2003,157,CRSP-03,44,BB,100,-99,-99,-99,-99,-99,-99,-99,-99,-99,-99,
6/6/2003,157,BELE-03,45,BB,100,-99,-99,-99,-99,-99,-99,-99,-99,-99,-99,
6/6/2003,157,HAVI-03,46,BB,100,ND,0,0,ND,12,-99,75,80,30,F,
6/6/2003,157,QUVE-03,47,BB,99,-99,-99,-99,-99,-99,-99,-99,-99,-99,-99,
6/6/2003,157,QUVE-04,48,BB,99,-99,-99,-99,-99,-99,-99,-99,-99,-99,-99
6/6/2003,157,QURU-03,49,BB,100,BB,100,100,ND,-99,-99,63,70,0,0
6/6/2003,157,CRSP-02,50,BB,100,BB,100,-99,-99,-99,-99,-99,-99,-99,-99
6/6/2003,157,PRSE-02,51,BB,100,-99,-99,-99,-99,-99,-99,-99,-99,-99,-99
6/6/2003,157,BEPA-02,52,BB,100,-99,-99,-99,-99,-99,-99,-99,-99,-99,-99
6/6/2003,157,BEPA-03,53,BB,100,-99,-99,-99,-99,-99,-99,-99,-99,-99,-99
6/6/2003,157,BEPA-04,54,BB,100,BB,100,100,-99,-99,-99,-99,-99,-99,-99
6/6/2003,157,COAL-03,55,BB,100,-99,-99,-99,-99,-99,-99,-99,-99,-99,-99
6/6/2003,157,FRAM-02,56,BB,100,ND,0,0,ND,-99,-99,53,15,0,0
6/6/2003,157,FAGR-04,57,BB,100,-99,-99,-99,-99,-99,-99,-99,-99,-99,-99
6/6/2003,157,QUAL-03,58,BB,100,ND,0,0,ND,13,-99,43,0,0,0
6/6/2003,157,ACSA-02,59,BB,100,ND,0,0,ND,16,18,93,80,85,0
6/6/2003,157,FRAM-03,60,BB,100,ND,0,0,ND,30,-99,60,30,0,0
6/6/2003,157,SAPU-02,61,BB,100,BB,100,100,-99,-99,-99,-99,-99,-99,-99
6/6/2003,157,POTR-04,62,BB,100,BB,100,100,M,-99,-99,-99,-99,-99,-99
6/6/2003,157,ACSA-03,63,BB,100,BB,100,100,ND,-99,-99,85,80,65,S
6/6/2003,157,PRSE-04,64,BB,100,-99,-99,-99,-99,-99,-99,-99,-99,-99,-99,
6/6/2003,157,QURU-04,65,BB,100,BB,100,100,ND,15,-99,75,80,35,0,
6/6/2003,157,ACRU-05,66,BB,100,BB,100,100,F,13,13,85,80,75,M,fruit 75% fallen
6/6/2003,157,FRAM-04,67,BB,100,BB,100,100,M,35,-99,60,25,0,0,
6/6/2003,157,POTR-02,68,BB,100,BB,100,100,F,-99,-99,-99,-99,-99,-99,fruit gone
6/12/2003,163,AMSP-01,1,BB,100,BB,100,100,-99,-99,-99,-99,-99,-99,-99,
6/12/2003,163,FRAM-01,2,BB,100,ND,0,0,ND,-99,-99,63,80,25,0,
6/12/2003,163,PRSE-01,3,BB,100,-99,-99,-99,-99,-99,-99,-99,-99,-99,-99,
6/12/2003,163,VICA-01,4,BB,100,-99,-99,-99,-99,-99,-99,-99,-99,-99,-99,
6/12/2003,163,ACRU-01,5,BB,100,BB,100,100,M,-99,-99,80,80,75,S,
6/12/2003,163,SAPU-01,6,BB,100,BB,100,100,-99,-99,-99,-99,-99,-99,-99,
6/12/2003,163,COAL-01,7,BB,100,BB,95,0,-99,-99,-99,-99,-99,-99,-99,
6/12/2003,163,AMSP-02,8,BB,100,BB,100,100,-99,-99,-99,-99,-99,-99,-99,
6/12/2003,163,ACSA-01,9,BB,100,ND,0,0,ND,14,15,95,80,97,F,
6/12/2003,163,BELE-01,10,BB,100,BB,100,100,-99,-99,-99,-99,-99,-99,-99,
6/12/2003,163,SAPU-03,11,BB,100,BB,100,100,-99,-99,-99,-99,-99,-99,-99,
6/12/2003,163,SAPU-04,12,BB,100,BB,100,100,-99,-99,-99,-99,-99,-99,-99,
6/12/2003,163,BEAL-01,13,BB,100,BB,100,100,ND,12,-99,93,80,85,M,
6/12/2003,163,COAL-04,14,-99,-99,-99,-99,-99,-99,-99,-99,-99,-99,-99,-99,dead
6/12/2003,163,QURU-01,15,BB,100,BB,100,100,ND,-99,-99,80,80,35,0,
6/12/2003,163,VICA-02,16,BB,100,-99,-99,-99,-99,-99,-99,-99,-99,-99,-99,
6/12/2003,163,QUAL-04,17,BB,97,ND,0,0,ND,17,-99,63,60,5,0,
6/12/2003,163,FAGR-01,18,BB,100,-99,-99,-99,-99,-99,-99,-99,-99,-99,-99,
6/12/2003,163,VIAL-01,19,BB,100,BB,100,100,-99,-99,-99,-99,-99,-99,-99,
6/12/2003,163,ACPE-01,20,BB,100,BB,100,100,M,20,17,90,80,75,S,
6/12/2003,163,QUVE-01,21,BB,100,BB,100,100,-99,-99,-99,-99,-99,-99,-99,
6/12/2003,163,BEPA-01,22,BB,100,-99,-99,-99,-99,-99,-99,-99,-99,-99,-99,
6/12/2003,163,CRSP-01,23,BB,100,-99,-99,-99,-99,-99,-99,-99,-99,-99,-99,
6/12/2003,163,ACRU-02,24,BB,100,BB,100,100,M,12,13,85,80,65,S,
6/12/2003,163,ACPE-02,25,BB,100,BB,100,100,M,20,20,88,80,70,M,
6/12/2003,163,FAGR-05,26,BB,100,-99,-99,-99,-99,-99,-99,-99,-99,-99,-99,
6/12/2003,163,ACPE-03,27,BB,100,BB,100,100,M,21,21,95,80,95,F,
6/12/2003,163,HAVI-01,28,BB,100,ND,0,0,ND,13,-99,83,80,55,0,
6/12/2003,163,BEAL-02,29,BB,100,-99,-99,-99,ND,9,-99,88,80,65,F,
6/12/2003,163,BELE-02,30,BB,100,-99,-99,-99,-99,-99,-99,-99,-99,-99,-99,
6/12/2003,163,VICA-03,31,BB,100,-99,-99,-99,-99,-99,-99,-99,-99,-99,-99,
6/12/2003,163,VIAL-02,32,BB,100,-99,-99,-99,-99,-99,-99,-99,-99,-99,-99,
6/12/2003,163,FAGR-03,33,BB,100,-99,-99,-99,-99,-99,-99,-99,-99,-99,-99,
6/12/2003,163,AMSP-03,34,BB,100,-99,-99,-99,-99,-99,-99,-99,-99,-99,-99,
6/12/2003,163,BEAL-03,35,BB,100,ND,100,100,ND,12,-99,85,80,70,M,
6/12/2003,163,HAVI-02,36,BB,100,ND,0,0,ND,12,-99,88,80,80,F,
6/12/2003,163,QURU-02,37,BB,100,-99,-99,-99,ND,-99,-99,78,80,25,0,
6/12/2003,163,ACRU-03,38,BB,100,BB,100,100,M,-99,-99,83,80,65,S,
6/12/2003,163,VIAL-03,39,BB,100,BB,100,100,-99,-99,-99,-99,-99,-99,-99,
6/12/2003,163,ACPE-04,40,BB,100,BB,100,100,F,18,18,85,80,60,F,fruit up to 1.8cm
6/12/2003,163,QUVE-02,41,BB,100,-99,-99,-99,-99,-99,-99,-99,-99,-99,-99,
6/12/2003,163,ACRU-04,42,BB,100,BB,100,100,M,13,14,95,80,97,F,
6/12/2003,163,QUAL-02,43,BB,100,ND,0,0,ND,15,-99,68,70,15,0,
6/12/2003,163,CRSP-03,44,BB,100,-99,-99,-99,-99,-99,-99,-99,-99,-99,-99
6/12/2003,163,BELE-03,45,BB,100,-99,-99,-99,-99,-99,-99,-99,-99,-99,-99
6/12/2003,163,HAVI-03,46,BB,100,ND,0,0,ND,13,-99,85,80,75,F
6/12/2003,163,QUVE-03,47,BB,100,-99,-99,-99,-99,-99,-99,-99,-99,-99,-99
6/12/2003,163,QUVE-04,48,BB,100,-99,-99,-99,-99,-99,-99,-99,-99,-99,-99
6/12/2003,163,QURU-03,49,BB,100,BB,100,100,ND,-99,-99,85,80,75,0
6/12/2003,163,CRSP-02,50,BB,100,BB,100,-99,-99,-99,-99,-99,-99,-99,-99
6/12/2003,163,PRSE-02,51,BB,100,-99,-99,-99,-99,-99,-99,-99,-99,-99,-99
6/12/2003,163,BEPA-02,52,BB,100,-99,-99,-99,-99,-99,-99,-99,-99,-99,-99
6/12/2003,163,BEPA-03,53,BB,100,-99,-99,-99,-99,-99,-99,-99,-99,-99,-99
6/12/2003,163,BEPA-04,54,BB,100,BB,100,100,-99,-99,-99,-99,-99,-99,-99
6/12/2003,163,COAL-03,55,BB,100,BB,50,0,-99,-99,-99,-99,-99,-99,-99
6/12/2003,163,FRAM-02,56,BB,100,ND,0,0,ND,-99,-99,77,80,35,0
6/12/2003,163,FAGR-04,57,BB,100,-99,-99,-99,-99,-99,-99,-99,-99,-99,-99
6/12/2003,163,QUAL-03,58,BB,100,ND,0,0,ND,16,-99,75,75,30,0
6/12/2003,163,ACSA-02,59,BB,100,ND,0,0,ND,17,20,100,80,97,0
6/12/2003,163,FRAM-03,60,BB,100,ND,0,0,ND,33,-99,80,80,45,0,
6/12/2003,163,SAPU-02,61,BB,100,BB,100,100,-99,-99,-99,-99,-99,-99,-99,
6/12/2003,163,POTR-04,62,BB,100,BB,100,100,M,-99,-99,-99,-99,-99,-99,
6/12/2003,163,ACSA-03,63,BB,100,BB,100,100,ND,-99,-99,95,80,97,F,
6/12/2003,163,PRSE-04,64,BB,100,-99,-99,-99,-99,-99,-99,-99,-99,-99,-99,
6/12/2003,163,QURU-04,65,BB,100,BB,100,100,ND,16,-99,88,80,85,F,
6/12/2003,163,ACRU-05,66,BB,100,BB,100,100,F,13,13,95,80,97,M,most fruit gone
6/12/2003,163,FRAM-04,67,BB,100,BB,100,100,M,38,-99,70,80,25,F,
6/12/2003,163,POTR-02,68,BB,100,BB,100,100,F,-99,-99,-99,-99,-99,-99,fruit gone
6/17/2003,168,AMSP-01,1,BB,100,BB,100,100,-99,-99,-99,-99,-99,-99,-99,
6/17/2003,168,FRAM-01,2,BB,100,ND,0,0,ND,-99,-99,88,80,65,0,
6/17/2003,168,PRSE-01,3,BB,100,-99,-99,-99,-99,-99,-99,-99,-99,-99,-99,
6/17/2003,168,VICA-01,4,BB,100,-99,-99,-99,-99,-99,-99,-99,-99,-99,-99,
6/17/2003,168,ACRU-01,5,BB,100,BB,100,100,M,-99,-99,85,80,80,S,
6/17/2003,168,SAPU-01,6,BB,100,BB,100,100,-99,-99,-99,-99,-99,-99,-99,
6/17/2003,168,COAL-01,7,BB,100,BB,100,50,-99,-99,-99,-99,-99,-99,-99,
6/17/2003,168,AMSP-02,8,BB,100,BB,100,100,-99,-99,-99,-99,-99,-99,-99,
6/17/2003,168,ACSA-01,9,BB,100,ND,0,0,ND,14,15,98,80,97,0,
6/17/2003,168,BELE-01,10,BB,100,BB,100,100,-99,-99,-99,-99,-99,-99,-99,
6/17/2003,168,SAPU-03,11,BB,100,BB,100,100,-99,-99,-99,-99,-99,-99,-99,
6/17/2003,168,SAPU-04,12,BB,100,BB,100,100,-99,-99,-99,-99,-99,-99,-99,
6/17/2003,168,BEAL-01,13,BB,100,BB,100,100,ND,12,-99,95,80,90,M,
6/17/2003,168,COAL-04,14,-99,-99,-99,-99,-99,-99,-99,-99,-99,-99,-99,-99,dead
6/17/2003,168,QURU-01,15,BB,100,BB,100,100,ND,-99,-99,85,80,75,0,
6/17/2003,168,VICA-02,16,BB,100,-99,-99,-99,-99,-99,-99,-99,-99,-99,-99,
6/17/2003,168,QUAL-04,17,BB,100,ND,0,0,ND,18,-99,78,75,35,0,
6/17/2003,168,FAGR-01,18,BB,100,-99,-99,-99,-99,-99,-99,-99,-99,-99,-99,
6/17/2003,168,VIAL-01,19,BB,100,BB,100,100,-99,-99,-99,-99,-99,-99,-99,
6/17/2003,168,ACPE-01,20,BB,100,BB,100,100,M,20,17,93,80,80,S,
6/17/2003,168,QUVE-01,21,BB,100,BB,100,100,-99,-99,-99,-99,-99,-99,-99,
6/17/2003,168,BEPA-01,22,BB,100,-99,-99,-99,-99,-99,-99,-99,-99,-99,-99,
6/17/2003,168,CRSP-01,23,BB,100,-99,-99,-99,-99,-99,-99,-99,-99,-99,-99,
6/17/2003,168,ACRU-02,24,BB,100,BB,100,100,M,12,13,90,80,90,S
6/17/2003,168,ACPE-02,25,BB,100,BB,100,100,M,21,20,88,80,75,M
6/17/2003,168,FAGR-05,26,BB,100,-99,-99,-99,-99,-99,-99,-99,-99,-99,-99
6/17/2003,168,ACPE-03,27,BB,100,BB,100,100,M,20,20,90,80,90,F
6/17/2003,168,HAVI-01,28,BB,100,ND,0,0,ND,13,-99,88,80,65,0
6/17/2003,168,BEAL-02,29,BB,100,-99,-99,-99,ND,9,-99,88,80,75,F
6/17/2003,168,BELE-02,30,BB,100,-99,-99,-99,-99,-99,-99,-99,-99,-99,-99
6/17/2003,168,VICA-03,31,BB,100,-99,-99,-99,-99,-99,-99,-99,-99,-99,-99
6/17/2003,168,VIAL-02,32,BB,100,-99,-99,-99,-99,-99,-99,-99,-99,-99,-99
6/17/2003,168,FAGR-03,33,BB,100,-99,-99,-99,-99,-99,-99,-99,-99,-99,-99
6/17/2003,168,AMSP-03,34,BB,100,-99,-99,-99,-99,-99,-99,-99,-99,-99,-99
6/17/2003,168,BEAL-03,35,BB,100,ND,100,100,ND,11,-99,93,80,85,M
6/17/2003,168,HAVI-02,36,BB,100,ND,0,0,ND,11,-99,95,80,90,F
6/17/2003,168,QURU-02,37,BB,100,-99,-99,-99,ND,-99,-99,85,80,60,0
6/17/2003,168,ACRU-03,38,BB,100,BB,100,100,M,-99,-99,93,80,90,F
6/17/2003,168,VIAL-03,39,BB,100,BB,100,100,-99,-99,-99,-99,-99,-99,-99
6/17/2003,168,ACPE-04,40,BB,100,BB,100,100,F,18,18,90,80,75,F,fruit up to 2cm
6/17/2003,168,QUVE-02,41,BB,100,-99,-99,-99,-99,-99,-99,-99,-99,-99,-99,
6/17/2003,168,ACRU-04,42,BB,100,BB,100,100,M,13,15,98,80,97,0,
6/17/2003,168,QUAL-02,43,BB,100,ND,0,0,ND,13,-99,80,80,50,0,
6/17/2003,168,CRSP-03,44,BB,100,-99,-99,-99,-99,-99,-99,-99,-99,-99,-99,
6/17/2003,168,BELE-03,45,BB,100,-99,-99,-99,-99,-99,-99,-99,-99,-99,-99,
6/17/2003,168,HAVI-03,46,BB,100,ND,0,0,ND,13,-99,93,80,80,F,
6/17/2003,168,QUVE-03,47,BB,100,-99,-99,-99,-99,-99,-99,-99,-99,-99,-99,
6/17/2003,168,QUVE-04,48,BB,100,-99,-99,-99,-99,-99,-99,-99,-99,-99,-99,
6/17/2003,168,QURU-03,49,BB,100,BB,100,100,ND,-99,-99,90,80,90,0,
6/17/2003,168,CRSP-02,50,BB,100,BB,100,-99,-99,-99,-99,-99,-99,-99,-99,
6/17/2003,168,PRSE-02,51,BB,100,-99,-99,-99,-99,-99,-99,-99,-99,-99,-99,
6/17/2003,168,BEPA-02,52,BB,100,-99,-99,-99,-99,-99,-99,-99,-99,-99,-99,
6/17/2003,168,BEPA-03,53,BB,100,-99,-99,-99,-99,-99,-99,-99,-99,-99,-99,
6/17/2003,168,BEPA-04,54,BB,100,BB,100,100,-99,-99,-99,-99,-99,-99,-99,
6/17/2003,168,COAL-03,55,BB,100,BB,100,5,-99,-99,-99,-99,-99,-99,-99,
6/17/2003,168,FRAM-02,56,BB,100,ND,0,0,ND,-99,-99,90,80,80,0,
6/17/2003,168,FAGR-04,57,BB,100,-99,-99,-99,-99,-99,-99,-99,-99,-99,-99,
6/17/2003,168,QUAL-03,58,BB,100,ND,0,0,ND,18,-99,83,80,60,0,
6/17/2003,168,ACSA-02,59,BB,100,ND,0,0,ND,17,20,100,80,97,0,
6/17/2003,168,FRAM-03,60,BB,100,ND,0,0,ND,30,-99,85,80,60,0,
6/17/2003,168,SAPU-02,61,BB,100,BB,100,100,-99,-99,-99,-99,-99,-99,-99,
6/17/2003,168,POTR-04,62,BB,100,BB,100,100,M,-99,-99,-99,-99,-99,-99,
6/17/2003,168,ACSA-03,63,BB,100,BB,100,100,ND,-99,-99,95,80,95,F,fruit developing
6/17/2003,168,PRSE-04,64,BB,100,-99,-99,-99,-99,-99,-99,-99,-99,-99,-99,
6/17/2003,168,QURU-04,65,BB,100,BB,100,100,ND,15,-99,95,80,97,0,
6/17/2003,168,ACRU-05,66,BB,100,BB,100,100,F,13,12,98,80,97,M,
6/17/2003,168,FRAM-04,67,BB,100,BB,100,100,M,38,-99,80,80,65,S,
6/17/2003,168,POTR-02,68,BB,100,BB,100,100,F,-99,-99,-99,-99,-99,-99,fruit gone
6/23/2003,174,AMSP-01,1,BB,100,BB,100,100,-99,-99,-99,-99,-99,-99,-99,
6/23/2003,174,FRAM-01,2,BB,100,ND,0,0,ND,-99,-99,90,80,85,F,
6/23/2003,174,PRSE-01,3,BB,100,-99,-99,-99,-99,-99,-99,-99,-99,-99,-99,
6/23/2003,174,VICA-01,4,BB,100,-99,-99,-99,-99,-99,-99,-99,-99,-99,-99,
6/23/2003,174,ACRU-01,5,BB,100,BB,100,100,M,-99,-99,95,80,95,S,
6/23/2003,174,SAPU-01,6,BB,100,BB,100,100,-99,-99,-99,-99,-99,-99,-99,
6/23/2003,174,COAL-01,7,BB,100,BB,100,98,-99,-99,-99,-99,-99,-99,-99,
6/23/2003,174,AMSP-02,8,BB,100,BB,100,100,-99,-99,-99,-99,-99,-99,-99,
6/23/2003,174,ACSA-01,9,BB,100,ND,0,0,ND,14,15,100,80,97,0,
6/23/2003,174,BELE-01,10,BB,100,BB,100,100,-99,-99,-99,-99,-99,-99,-99,
6/23/2003,174,SAPU-03,11,BB,100,BB,100,100,-99,-99,-99,-99,-99,-99,-99,
6/23/2003,174,SAPU-04,12,BB,100,BB,100,100,-99,-99,-99,-99,-99,-99,-99,
6/23/2003,174,BEAL-01,13,BB,100,BB,100,100,ND,12,-99,98,80,97,M,
6/23/2003,174,COAL-04,14,-99,-99,-99,-99,-99,-99,-99,-99,-99,-99,-99,-99,dead
6/23/2003,174,QURU-01,15,BB,100,BB,100,100,ND,-99,-99,93,80,90,0,
6/23/2003,174,VICA-02,16,BB,100,-99,-99,-99,-99,-99,-99,-99,-99,-99,-99,
6/23/2003,174,QUAL-04,17,BB,100,ND,0,0,ND,18,-99,90,80,75,0,
6/23/2003,174,FAGR-01,18,BB,100,-99,-99,-99,-99,-99,-99,-99,-99,-99,-99,
6/23/2003,174,VIAL-01,19,BB,100,BB,100,100,-99,-99,-99,-99,-99,-99,-99,
6/23/2003,174,ACPE-01,20,BB,100,BB,100,100,M,21,19,95,80,95,S
6/23/2003,174,QUVE-01,21,BB,100,BB,100,100,-99,-99,-99,-99,-99,-99,-99
6/23/2003,174,BEPA-01,22,BB,100,-99,-99,-99,-99,-99,-99,-99,-99,-99,-99
6/23/2003,174,CRSP-01,23,BB,100,-99,-99,-99,-99,-99,-99,-99,-99,-99,-99
6/23/2003,174,ACRU-02,24,BB,100,BB,100,100,M,12,13,98,80,97,S
6/23/2003,174,ACPE-02,25,BB,100,BB,100,100,M,22,21,95,80,95,M
6/23/2003,174,FAGR-05,26,BB,100,-99,-99,-99,-99,-99,-99,-99,-99,-99,-99
6/23/2003,174,ACPE-03,27,BB,100,BB,100,100,M,22,22,98,80,97,F
6/23/2003,174,HAVI-01,28,BB,100,ND,0,0,ND,13,-99,93,80,95,0
6/23/2003,174,BEAL-02,29,BB,100,-99,-99,-99,ND,9,-99,93,80,95,F
6/23/2003,174,BELE-02,30,BB,100,-99,-99,-99,-99,-99,-99,-99,-99,-99,-99
6/23/2003,174,VICA-03,31,BB,100,-99,-99,-99,-99,-99,-99,-99,-99,-99,-99
6/23/2003,174,VIAL-02,32,BB,100,-99,-99,-99,-99,-99,-99,-99,-99,-99,-99
6/23/2003,174,FAGR-03,33,BB,100,-99,-99,-99,-99,-99,-99,-99,-99,-99,-99
6/23/2003,174,AMSP-03,34,BB,100,-99,-99,-99,-99,-99,-99,-99,-99,-99,-99
6/23/2003,174,BEAL-03,35,BB,100,BB,100,100,ND,11,-99,90,80,92,M
6/23/2003,174,HAVI-02,36,BB,100,ND,0,0,ND,12,-99,98,80,97,F,
6/23/2003,174,QURU-02,37,BB,100,-99,-99,-99,ND,-99,-99,93,80,95,0,
6/23/2003,174,ACRU-03,38,BB,100,BB,100,100,M,-99,-99,98,80,97,F,
6/23/2003,174,VIAL-03,39,BB,100,BB,100,100,-99,-99,-99,-99,-99,-99,-99,
6/23/2003,174,ACPE-04,40,BB,100,BB,100,100,F,18,18,93,80,95,F,fruit up to 2.3cm
6/23/2003,174,QUVE-02,41,BB,100,-99,-99,-99,-99,-99,-99,-99,-99,-99,-99,
6/23/2003,174,ACRU-04,42,BB,100,BB,100,100,M,13,15,98,80,97,F,
6/23/2003,174,QUAL-02,43,BB,100,ND,0,0,ND,16,-99,90,80,80,0,
6/23/2003,174,CRSP-03,44,BB,100,-99,-99,-99,-99,-99,-99,-99,-99,-99,-99,
6/23/2003,174,BELE-03,45,BB,100,-99,-99,-99,-99,-99,-99,-99,-99,-99,-99,
6/23/2003,174,HAVI-03,46,BB,100,ND,0,0,ND,13,-99,95,80,95,F,
6/23/2003,174,QUVE-03,47,BB,100,-99,-99,-99,-99,-99,-99,-99,-99,-99,-99,
6/23/2003,174,QUVE-04,48,BB,100,-99,-99,-99,-99,-99,-99,-99,-99,-99,-99,
6/23/2003,174,QURU-03,49,BB,100,BB,100,100,ND,-99,-99,95,80,95,0,
6/23/2003,174,CRSP-02,50,BB,100,BB,100,-99,-99,-99,-99,-99,-99,-99,-99,
6/23/2003,174,PRSE-02,51,BB,100,-99,-99,-99,-99,-99,-99,-99,-99,-99,-99,
6/23/2003,174,BEPA-02,52,BB,100,-99,-99,-99,-99,-99,-99,-99,-99,-99,-99,
6/23/2003,174,BEPA-03,53,BB,100,-99,-99,-99,-99,-99,-99,-99,-99,-99,-99,
6/23/2003,174,BEPA-04,54,BB,100,BB,100,100,-99,-99,-99,-99,-99,-99,-99,
6/23/2003,174,COAL-03,55,BB,100,BB,100,75,-99,-99,-99,-99,-99,-99,-99,
6/23/2003,174,FRAM-02,56,BB,100,ND,0,0,ND,-99,-99,98,80,97,0,
6/23/2003,174,FAGR-04,57,BB,100,-99,-99,-99,-99,-99,-99,-99,-99,-99,-99,
6/23/2003,174,QUAL-03,58,BB,100,ND,0,0,ND,18,-99,93,80,90,0,
6/23/2003,174,ACSA-02,59,BB,100,ND,0,0,ND,17,20,100,80,97,0,
6/23/2003,174,FRAM-03,60,BB,100,ND,0,0,ND,32,-99,95,80,90,0,
6/23/2003,174,SAPU-02,61,BB,100,BB,100,100,-99,-99,-99,-99,-99,-99,-99,
6/23/2003,174,POTR-04,62,BB,100,BB,100,100,M,-99,-99,-99,-99,-99,-99,
6/23/2003,174,ACSA-03,63,BB,100,BB,100,100,ND,-99,-99,99,80,97,0,fruit developing
6/23/2003,174,PRSE-04,64,BB,100,-99,-99,-99,-99,-99,-99,-99,-99,-99,-99,
6/23/2003,174,QURU-04,65,BB,100,BB,100,100,ND,0,-99,98,80,97,0,
6/23/2003,174,ACRU-05,66,BB,100,BB,100,100,F,14,14,100,80,97,M,fruit gone
6/23/2003,174,FRAM-04,67,BB,100,BB,100,100,M,38,-99,88,80,80,S,
6/23/2003,174,POTR-02,68,BB,100,BB,100,100,F,-99,-99,-99,-99,-99,-99,fruit gone
