DATE,JULIAN,TREEID,CIRCUIT,BCON,BBRK,FBUD,FOPN,FPST,SEX,LENGTH,WIDTH,LFIN,L75,L95,TIP,COMMENTS
3/31/2006,90,AMSP-01,1,SS,0,-99,-99,-99,-99,-99,-99,-99,-99,-99,-99,
3/31/2006,90,FRAM-01,2,NS,0,ND,0,0,ND,-99,-99,0,0,0,0,
3/31/2006,90,PRSE-01,3,MS,0,-99,-99,-99,-99,-99,-99,-99,-99,-99,-99,
3/31/2006,90,ACRU-01,4,SS,0,VS,0,0,ND,-99,-99,0,0,0,0,
3/31/2006,90,COAL-01,5,SS,0,-99,-99,-99,-99,-99,-99,-99,-99,-99,-99,
3/31/2006,90,AMSP-02,6,MS,0,-99,-99,-99,-99,-99,-99,-99,-99,-99,-99,
3/31/2006,90,ACSA-01,7,NS,0,ND,0,0,ND,0,0,0,0,0,0,
3/31/2006,90,BELE-01,8,SS,0,-99,-99,-99,-99,-99,-99,-99,-99,-99,-99,
3/31/2006,90,BEAL-01,9,NS,0,ND,0,0,ND,0,-99,0,0,0,0,
3/31/2006,90,COAL-04,10,-99,-99,-99,-99,-99,-99,-99,-99,-99,-99,-99,-99,dead
3/31/2006,90,QURU-01,11,NS,0,ND,0,0,ND,-99,-99,0,0,0,0,
3/31/2006,90,QUAL-05,12,NS,0,ND,0,0,ND,0,0,0,0,0,0,new tree 2005
3/31/2006,90,FAGR-01,13,NS,0,ND,0,0,ND,0,0,0,0,0,0,
3/31/2006,90,ACPE-01,14,SS,0,ND,0,0,ND,0,0,0,0,0,0,
3/31/2006,90,QUVE-01,15,NS,0,-99,-99,-99,-99,-99,-99,-99,-99,-99,-99,
3/31/2006,90,BEPA-01,16,NS,0,-99,-99,-99,-99,-99,-99,-99,-99,-99,-99,
3/31/2006,90,CRSP-01,17,NS,0,-99,-99,-99,-99,-99,-99,-99,-99,-99,-99,
3/31/2006,90,ACRU-02,18,SS,0,VS,0,0,ND,-99,-99,0,0,0,0,
3/31/2006,90,ACPE-02,19,NS,0,ND,0,0,ND,0,0,0,0,0,0,
3/31/2006,90,FAGR-05,20,NS,0,ND,0,0,ND,0,0,0,0,0,0,
3/31/2006,90,ACPE-03,21,NS,0,ND,0,0,ND,0,0,0,0,0,0,
3/31/2006,90,HAVI-01,22,NS,0,ND,0,0,ND,0,-99,0,0,0,0,
3/31/2006,90,BEAL-02,23,NS,0,ND,0,0,ND,0,-99,0,0,0,0,
3/31/2006,90,BELE-02,24,NS,0,-99,-99,-99,-99,-99,-99,-99,-99,-99,-99,
3/31/2006,90,FAGR-06,25,NS,0,ND,0,0,ND,0,0,0,0,0,0,new tree fall 2004
3/31/2006,90,AMSP-03,26,SS,0,-99,-99,-99,-99,-99,-99,-99,-99,-99,-99,
3/31/2006,90,BEAL-03,27,NS,0,ND,0,0,ND,0,0,0,0,0,0,
3/31/2006,90,HAVI-02,28,NS,0,ND,0,0,ND,0,0,0,0,0,0,
3/31/2006,90,QURU-02,29,NS,0,ND,0,0,ND,-99,-99,0,0,0,0,
3/31/2006,90,ACRU-03,30,SS,0,MS,0,0,ND,-99,-99,0,0,0,0,
3/31/2006,90,ACPE-04,31,NS,0,ND,0,0,ND,0,0,0,0,0,0,
3/31/2006,90,QUVE-02,32,NS,0,-99,-99,-99,-99,-99,-99,-99,-99,-99,-99
3/31/2006,90,ACRU-04,33,SS,0,MS,0,0,ND,0,0,0,0,0,0
3/31/2006,90,QUAL-02,34,NS,0,ND,0,0,ND,0,0,0,0,0,0
3/31/2006,90,CRSP-03,35,SS,0,-99,-99,-99,-99,-99,-99,-99,-99,-99,-99
3/31/2006,90,BELE-03,36,SS,0,-99,-99,-99,-99,-99,-99,-99,-99,-99,-99
3/31/2006,90,HAVI-03,37,NS,0,ND,0,0,ND,0,0,0,0,0,0
3/31/2006,90,QUVE-03,38,NS,0,-99,-99,-99,-99,-99,-99,-99,-99,-99,-99
3/31/2006,90,QUVE-04,39,NS,0,-99,-99,-99,-99,-99,-99,-99,-99,-99,-99
3/31/2006,90,QURU-03,40,NS,0,ND,0,0,ND,-99,-99,0,0,0,0
3/31/2006,90,CRSP-02,41,SS,0,-99,-99,-99,-99,-99,-99,-99,-99,-99,-99
3/31/2006,90,PRSE-02,42,MS,0,-99,-99,-99,-99,-99,-99,-99,-99,-99,-99
3/31/2006,90,BEPA-02,43,NS,0,-99,-99,-99,-99,-99,-99,-99,-99,-99,-99
3/31/2006,90,BEPA-03,44,NS,0,-99,-99,-99,-99,-99,-99,-99,-99,-99,-99
3/31/2006,90,BEPA-04,45,NS,0,-99,-99,-99,-99,-99,-99,-99,-99,-99,-99
3/31/2006,90,COAL-03,46,NS,0,-99,-99,-99,-99,-99,-99,-99,-99,-99,-99
3/31/2006,90,FRAM-02,47,NS,0,ND,0,0,ND,-99,-99,0,0,0,0
3/31/2006,90,FAGR-04,48,NS,0,ND,0,0,ND,0,0,0,0,0,0,
3/31/2006,90,QUAL-03,49,NS,0,ND,0,0,ND,0,-99,0,0,0,0,
3/31/2006,90,ACSA-02,50,NS,0,ND,0,0,ND,0,0,0,0,0,0,
3/31/2006,90,FRAM-03,51,NS,0,ND,0,0,ND,0,-99,0,0,0,0,
3/31/2006,90,POTR-04,52,SS,0,-99,-99,-99,-99,-99,-99,-99,-99,-99,-99,
3/31/2006,90,ACSA-03,53,SS,0,ND,0,0,ND,-99,-99,0,0,0,0,
3/31/2006,90,PRSE-04,54,MS,0,-99,-99,-99,-99,-99,-99,-99,-99,-99,-99,
3/31/2006,90,QURU-04,55,NS,0,ND,0,0,ND,-99,-99,0,0,0,0,
3/31/2006,90,ACRU-05,56,SS,0,MS,0,0,ND,0,0,0,0,0,0,
3/31/2006,90,FRAM-04,57,NS,0,ND,0,0,ND,0,-99,0,0,0,0,
3/31/2006,90,POTR-02,58,SS,0,-99,-99,-99,-99,-99,-99,-99,-99,-99,-99,flwr buds 50% open
4/10/2006,100,AMSP-01,1,SS,0,-99,-99,-99,-99,-99,-99,-99,-99,-99,-99,
4/10/2006,100,FRAM-01,2,NS,0,ND,0,0,ND,-99,-99,0,0,0,0,
4/10/2006,100,PRSE-01,3,VS,0,-99,-99,-99,-99,-99,-99,-99,-99,-99,-99,
4/10/2006,100,ACRU-01,4,MS,0,BB,5,0,ND,-99,-99,0,0,0,0,
4/10/2006,100,COAL-01,5,SS,0,-99,-99,-99,-99,-99,-99,-99,-99,-99,-99,
4/10/2006,100,AMSP-02,6,MS,0,-99,-99,-99,-99,-99,-99,-99,-99,-99,-99,
4/10/2006,100,ACSA-01,7,NS,0,ND,0,0,ND,0,0,0,0,0,0,
4/10/2006,100,BELE-01,8,SS,0,-99,-99,-99,-99,-99,-99,-99,-99,-99,-99,
4/10/2006,100,BEAL-01,9,SS,0,ND,0,0,ND,0,-99,0,0,0,0,
4/10/2006,100,COAL-04,10,-99,-99,-99,-99,-99,-99,-99,-99,-99,-99,-99,-99,dead
4/10/2006,100,QURU-01,11,NS,0,ND,0,0,ND,-99,-99,0,0,0,0,
4/10/2006,100,QUAL-05,12,NS,0,ND,0,0,ND,0,0,0,0,0,0,new tree 2005
4/10/2006,100,FAGR-01,13,NS,0,ND,0,0,ND,0,0,0,0,0,0,
4/10/2006,100,ACPE-01,14,SS,0,ND,0,0,ND,0,0,0,0,0,0,
4/10/2006,100,QUVE-01,15,NS,0,-99,-99,-99,-99,-99,-99,-99,-99,-99,-99,
4/10/2006,100,BEPA-01,16,SS,0,-99,-99,-99,-99,-99,-99,-99,-99,-99,-99,
4/10/2006,100,CRSP-01,17,SS,0,-99,-99,-99,-99,-99,-99,-99,-99,-99,-99,
4/10/2006,100,ACRU-02,18,MS,0,BB,1,0,ND,-99,-99,0,0,0,0,
4/10/2006,100,ACPE-02,19,SS,0,ND,0,0,ND,0,0,0,0,0,0,
4/10/2006,100,FAGR-05,20,NS,0,ND,0,0,ND,0,0,0,0,0,0,
4/10/2006,100,ACPE-03,21,SS,0,ND,0,0,ND,0,0,0,0,0,0,
4/10/2006,100,HAVI-01,22,SS,0,ND,0,0,ND,0,-99,0,0,0,0,
4/10/2006,100,BEAL-02,23,NS,0,ND,0,0,ND,0,-99,0,0,0,0,
4/10/2006,100,BELE-02,24,NS,0,-99,-99,-99,-99,-99,-99,-99,-99,-99,-99,
4/10/2006,100,FAGR-06,25,NS,0,ND,0,0,ND,0,0,0,0,0,0,new tree fall 2004
4/10/2006,100,AMSP-03,26,SS,0,-99,-99,-99,-99,-99,-99,-99,-99,-99,-99,
4/10/2006,100,BEAL-03,27,SS,0,ND,0,0,ND,0,0,0,0,0,0,
4/10/2006,100,HAVI-02,28,SS,0,ND,0,0,ND,0,0,0,0,0,0,
4/10/2006,100,QURU-02,29,NS,0,ND,0,0,ND,-99,-99,0,0,0,0,
4/10/2006,100,ACRU-03,30,MS,0,BB,25,0,ND,-99,-99,0,0,0,0,
4/10/2006,100,ACPE-04,31,NS,0,ND,0,0,ND,0,0,0,0,0,0,
4/10/2006,100,QUVE-02,32,NS,0,-99,-99,-99,-99,-99,-99,-99,-99,-99,-99,
4/10/2006,100,ACRU-04,33,MS,0,BB,3,0,ND,0,0,0,0,0,0,
4/10/2006,100,QUAL-02,34,NS,0,ND,0,0,ND,0,0,0,0,0,0,
4/10/2006,100,CRSP-03,35,SS,0,-99,-99,-99,-99,-99,-99,-99,-99,-99,-99,
4/10/2006,100,BELE-03,36,SS,0,-99,-99,-99,-99,-99,-99,-99,-99,-99,-99,
4/10/2006,100,HAVI-03,37,SS,0,ND,0,0,ND,0,0,0,0,0,0,
4/10/2006,100,QUVE-03,38,NS,0,-99,-99,-99,-99,-99,-99,-99,-99,-99,-99
4/10/2006,100,QUVE-04,39,NS,0,-99,-99,-99,-99,-99,-99,-99,-99,-99,-99
4/10/2006,100,QURU-03,40,NS,0,ND,0,0,ND,-99,-99,0,0,0,0
4/10/2006,100,CRSP-02,41,SS,0,-99,-99,-99,-99,-99,-99,-99,-99,-99,-99
4/10/2006,100,PRSE-02,42,MS,0,-99,-99,-99,-99,-99,-99,-99,-99,-99,-99
4/10/2006,100,BEPA-02,43,SS,0,-99,-99,-99,-99,-99,-99,-99,-99,-99,-99
4/10/2006,100,BEPA-03,44,SS,0,-99,-99,-99,-99,-99,-99,-99,-99,-99,-99
4/10/2006,100,BEPA-04,45,SS,0,-99,-99,-99,-99,-99,-99,-99,-99,-99,-99
4/10/2006,100,COAL-03,46,SS,0,-99,-99,-99,-99,-99,-99,-99,-99,-99,-99
4/10/2006,100,FRAM-02,47,NS,0,ND,0,0,ND,-99,-99,0,0,0,0
4/10/2006,100,FAGR-04,48,SS,0,ND,0,0,ND,0,0,0,0,0,0
4/10/2006,100,QUAL-03,49,NS,0,ND,0,0,ND,0,-99,0,0,0,0
4/10/2006,100,ACSA-02,50,NS,0,ND,0,0,ND,0,0,0,0,0,0
4/10/2006,100,FRAM-03,51,NS,0,ND,0,0,ND,0,-99,0,0,0,0
4/10/2006,100,POTR-04,52,SS,0,-99,-99,-99,-99,-99,-99,-99,-99,-99,-99
4/10/2006,100,ACSA-03,53,MS,0,ND,0,0,ND,-99,-99,0,0,0,0
4/10/2006,100,PRSE-04,54,MS,0,-99,-99,-99,-99,-99,-99,-99,-99,-99,-99,
4/10/2006,100,QURU-04,55,SS,0,ND,0,0,ND,-99,-99,0,0,0,0,
4/10/2006,100,ACRU-05,56,MS,0,BB,1,0,ND,0,0,0,0,0,0,
4/10/2006,100,FRAM-04,57,NS,0,ND,0,0,ND,0,-99,0,0,0,0,
4/10/2006,100,POTR-02,58,SS,0,-99,-99,-99,-99,-99,-99,-99,-99,-99,-99,flwrs bb~92% past ~8%
4/17/2006,107,AMSP-01,1,MS,0,-99,-99,-99,-99,-99,-99,-99,-99,-99,-99,
4/17/2006,107,FRAM-01,2,NS,0,ND,0,0,ND,-99,-99,0,0,0,0,
4/17/2006,107,PRSE-01,3,BB,85,-99,-99,-99,-99,-99,-99,-99,-99,-99,-99,
4/17/2006,107,ACRU-01,4,VS,0,BB,80,3,ND,-99,-99,0,0,0,0,
4/17/2006,107,COAL-01,5,VS,0,-99,-99,-99,-99,-99,-99,-99,-99,-99,-99,
4/17/2006,107,AMSP-02,6,VS,0,-99,-99,-99,-99,-99,-99,-99,-99,-99,-99,
4/17/2006,107,ACSA-01,7,MS,0,ND,0,0,ND,0,0,0,0,0,0,
4/17/2006,107,BELE-01,8,MS,0,-99,-99,-99,-99,-99,-99,-99,-99,-99,-99,
4/17/2006,107,BEAL-01,9,MS,0,SS,0,0,ND,0,-99,0,0,0,0,
4/17/2006,107,COAL-04,10,-99,-99,-99,-99,-99,-99,-99,-99,-99,-99,-99,-99,dead
4/17/2006,107,QURU-01,11,SS,0,ND,0,0,ND,-99,-99,0,0,0,0,
4/17/2006,107,QUAL-05,12,NS,0,ND,0,0,ND,0,0,0,0,0,0,new tree 2005
4/17/2006,107,FAGR-01,13,SS,0,ND,0,0,ND,0,0,0,0,0,0,
4/17/2006,107,ACPE-01,14,VS,0,ND,0,0,ND,0,0,0,0,0,0,inner sheaths ~1.5-2cm
4/17/2006,107,QUVE-01,15,SS,0,-99,-99,-99,-99,-99,-99,-99,-99,-99,-99,
4/17/2006,107,BEPA-01,16,MS,0,-99,-99,-99,-99,-99,-99,-99,-99,-99,-99,
4/17/2006,107,CRSP-01,17,MS,0,-99,-99,-99,-99,-99,-99,-99,-99,-99,-99,
4/17/2006,107,ACRU-02,18,VS,0,BB,80,0,ND,-99,-99,0,0,0,0,
4/17/2006,107,ACPE-02,19,VS,0,ND,0,0,ND,0,0,0,0,0,0,inner sheaths ~1cm
4/17/2006,107,FAGR-05,20,SS,0,ND,0,0,ND,0,0,0,0,0,0,
4/17/2006,107,ACPE-03,21,VS,0,ND,0,0,ND,0,0,0,0,0,0,inner sheaths ~1.5cm
4/17/2006,107,HAVI-01,22,SS,0,ND,0,0,ND,0,-99,0,0,0,0,
4/17/2006,107,BEAL-02,23,SS,0,SS,0,0,ND,0,-99,0,0,0,0,
4/17/2006,107,BELE-02,24,SS,0,-99,-99,-99,-99,-99,-99,-99,-99,-99,-99,
4/17/2006,107,FAGR-06,25,SS,0,ND,0,0,ND,-99,-99,0,0,0,0,new tree fall 2004
4/17/2006,107,AMSP-03,26,MS,0,-99,-99,-99,-99,-99,-99,-99,-99,-99,-99,
4/17/2006,107,BEAL-03,27,SS,0,ND,0,0,ND,0,0,0,0,0,0,
4/17/2006,107,HAVI-02,28,MS,0,ND,0,0,ND,0,0,0,0,0,0
4/17/2006,107,QURU-02,29,SS,0,ND,0,0,ND,-99,-99,0,0,0,0
4/17/2006,107,ACRU-03,30,MS,0,BB,30,0,ND,-99,-99,0,0,0,0
4/17/2006,107,ACPE-04,31,MS,0,ND,0,0,ND,0,0,0,0,0,0
4/17/2006,107,QUVE-02,32,SS,0,-99,-99,-99,-99,-99,-99,-99,-99,-99,-99
4/17/2006,107,ACRU-04,33,VS,0,BB,65,0,ND,0,0,0,0,0,0
4/17/2006,107,QUAL-02,34,NS,0,ND,0,0,ND,0,0,0,0,0,0
4/17/2006,107,CRSP-03,35,SS,0,-99,-99,-99,-99,-99,-99,-99,-99,-99,-99
4/17/2006,107,BELE-03,36,MS,0,-99,-99,-99,-99,-99,-99,-99,-99,-99,-99
4/17/2006,107,HAVI-03,37,SS,0,ND,0,0,ND,0,0,0,0,0,0
4/17/2006,107,QUVE-03,38,SS,0,-99,-99,-99,-99,-99,-99,-99,-99,-99,-99
4/17/2006,107,QUVE-04,39,SS,0,-99,-99,-99,-99,-99,-99,-99,-99,-99,-99
4/17/2006,107,QURU-03,40,SS,0,ND,0,0,ND,-99,-99,0,0,0,0
4/17/2006,107,CRSP-02,41,MS,0,-99,-99,-99,-99,-99,-99,-99,-99,-99,-99
4/17/2006,107,PRSE-02,42,BB,10,-99,-99,-99,-99,-99,-99,-99,-99,-99,-99
4/17/2006,107,BEPA-02,43,MS,0,-99,-99,-99,-99,-99,-99,-99,-99,-99,-99
4/17/2006,107,BEPA-03,44,MS,0,-99,-99,-99,-99,-99,-99,-99,-99,-99,-99,
4/17/2006,107,BEPA-04,45,MS,0,-99,-99,-99,-99,-99,-99,-99,-99,-99,-99,
4/17/2006,107,COAL-03,46,VS,0,-99,-99,-99,-99,-99,-99,-99,-99,-99,-99,
4/17/2006,107,FRAM-02,47,NS,0,ND,0,0,ND,-99,-99,0,0,0,0,
4/17/2006,107,FAGR-04,48,MS,0,ND,0,0,ND,0,0,0,0,0,0,
4/17/2006,107,QUAL-03,49,NS,0,ND,0,0,ND,0,-99,0,0,0,0,
4/17/2006,107,ACSA-02,50,MS,0,ND,0,0,ND,0,0,0,0,0,0,
4/17/2006,107,FRAM-03,51,NS,0,ND,0,0,ND,0,-99,0,0,0,0,
4/17/2006,107,POTR-04,52,VS,0,-99,-99,-99,-99,-99,-99,-99,-99,-99,-99,
4/17/2006,107,ACSA-03,53,VS,0,VS,0,0,ND,-99,-99,0,0,0,0,
4/17/2006,107,PRSE-04,54,BB,3,-99,-99,-99,-99,-99,-99,-99,-99,-99,-99,
4/17/2006,107,QURU-04,55,MS,0,ND,0,0,ND,-99,-99,0,0,0,0,
4/17/2006,107,ACRU-05,56,VS,0,BB,100,2,ND,0,0,0,0,0,0,
4/17/2006,107,FRAM-04,57,SS,0,ND,0,0,ND,0,-99,0,0,0,0,
4/17/2006,107,POTR-02,58,MS,0,-99,-99,-99,-99,-99,-99,-99,-99,-99,-99,flwrs bb=100 ~90%past
4/21/2006,111,AMSP-01,1,VS,0,-99,-99,-99,-99,-99,-99,-99,-99,-99,-99,flwrs not quite open
4/21/2006,111,FRAM-01,2,SS,0,ND,0,0,ND,-99,-99,0,0,0,0,
4/21/2006,111,PRSE-01,3,BB,100,-99,-99,-99,-99,-99,-99,-99,-99,-99,-99,
4/21/2006,111,ACRU-01,4,VS,0,BB,97,10,M,-99,-99,0,0,0,0,
4/21/2006,111,COAL-01,5,BB,40,-99,-99,-99,-99,-99,-99,-99,-99,-99,-99,
4/21/2006,111,AMSP-02,6,VS,0,-99,-99,-99,-99,-99,-99,-99,-99,-99,-99,flrs not quite open
4/21/2006,111,ACSA-01,7,VS,0,ND,0,0,ND,0,0,0,0,0,0,
4/21/2006,111,BELE-01,8,MS,0,-99,-99,-99,-99,-99,-99,-99,-99,-99,-99,
4/21/2006,111,BEAL-01,9,VS,0,SS,0,0,ND,0,-99,0,0,0,0,
4/21/2006,111,COAL-04,10,-99,-99,-99,-99,-99,-99,-99,-99,-99,-99,-99,-99,dead
4/21/2006,111,QURU-01,11,MS,0,ND,0,0,ND,-99,-99,0,0,0,0,
4/21/2006,111,QUAL-05,12,SS,0,ND,0,0,ND,0,0,0,0,0,0,new tree 2005
4/21/2006,111,FAGR-01,13,SS,0,ND,0,0,ND,0,0,0,0,0,0,
4/21/2006,111,ACPE-01,14,VS,0,ND,0,0,ND,0,0,0,0,0,0,inner shths ~2.5-3.5cm
4/21/2006,111,QUVE-01,15,MS,0,-99,-99,-99,-99,-99,-99,-99,-99,-99,-99,
4/21/2006,111,BEPA-01,16,MS,0,-99,-99,-99,-99,-99,-99,-99,-99,-99,-99,
4/21/2006,111,CRSP-01,17,VS,0,-99,-99,-99,-99,-99,-99,-99,-99,-99,-99,
4/21/2006,111,ACRU-02,18,VS,0,BB,97,5,M,-99,-99,0,0,0,0,
4/21/2006,111,ACPE-02,19,VS,0,ND,0,0,ND,0,0,0,0,0,0,inner shths ~1.5-2.5cm
4/21/2006,111,FAGR-05,20,MS,0,ND,0,0,ND,0,0,0,0,0,0,
4/21/2006,111,ACPE-03,21,VS,0,ND,0,0,ND,0,0,0,0,0,0,inner shths ~2.5-3cm
4/21/2006,111,HAVI-01,22,MS,0,ND,0,0,ND,0,-99,0,0,0,0,
4/21/2006,111,BEAL-02,23,MS,0,SS,0,0,ND,0,-99,0,0,0,0,
4/21/2006,111,BELE-02,24,MS,0,-99,-99,-99,-99,-99,-99,-99,-99,-99,-99,
4/21/2006,111,FAGR-06,25,SS,0,ND,0,0,ND,-99,-99,0,0,0,0,new tree fall 2004
4/21/2006,111,AMSP-03,26,VS,0,-99,-99,-99,-99,-99,-99,-99,-99,-99,-99,
4/21/2006,111,BEAL-03,27,MS,0,ND,0,0,ND,0,0,0,0,0,0,
4/21/2006,111,HAVI-02,28,BB,5,ND,0,0,ND,0,0,0,0,0,0,
4/21/2006,111,QURU-02,29,MS,0,ND,0,0,ND,-99,-99,0,0,0,0,
4/21/2006,111,ACRU-03,30,VS,0,BB,90,8,M,-99,-99,0,0,0,0,
4/21/2006,111,ACPE-04,31,VS,0,ND,0,0,ND,0,0,0,0,0,0,inner sheaths ~1cm
4/21/2006,111,QUVE-02,32,MS,0,-99,-99,-99,-99,-99,-99,-99,-99,-99,-99,
4/21/2006,111,ACRU-04,33,VS,0,BB,100,20,M,0,0,0,0,0,0,
4/21/2006,111,QUAL-02,34,SS,0,ND,0,0,ND,0,0,0,0,0,0
4/21/2006,111,CRSP-03,35,MS,0,-99,-99,-99,-99,-99,-99,-99,-99,-99,-99
4/21/2006,111,BELE-03,36,MS,0,-99,-99,-99,-99,-99,-99,-99,-99,-99,-99
4/21/2006,111,HAVI-03,37,VS,0,ND,0,0,ND,0,0,0,0,0,0
4/21/2006,111,QUVE-03,38,MS,0,-99,-99,-99,-99,-99,-99,-99,-99,-99,-99
4/21/2006,111,QUVE-04,39,MS,0,-99,-99,-99,-99,-99,-99,-99,-99,-99,-99
4/21/2006,111,QURU-03,40,MS,0,ND,0,0,ND,-99,-99,0,0,0,0
4/21/2006,111,CRSP-02,41,VS,0,-99,-99,-99,-99,-99,-99,-99,-99,-99,-99
4/21/2006,111,PRSE-02,42,BB,99,-99,-99,-99,-99,-99,-99,-99,-99,-99,-99
4/21/2006,111,BEPA-02,43,BB,1,-99,-99,-99,-99,-99,-99,-99,-99,-99,-99
4/21/2006,111,BEPA-03,44,MS,0,-99,-99,-99,-99,-99,-99,-99,-99,-99,-99
4/21/2006,111,BEPA-04,45,VS,0,-99,-99,-99,-99,-99,-99,-99,-99,-99,-99
4/21/2006,111,COAL-03,46,BB,20,-99,-99,-99,-99,-99,-99,-99,-99,-99,-99
4/21/2006,111,FRAM-02,47,SS,0,ND,0,0,ND,-99,-99,0,0,0,0
4/21/2006,111,FAGR-04,48,MS,0,ND,0,0,ND,0,0,0,0,0,0
4/21/2006,111,QUAL-03,49,SS,0,ND,0,0,ND,0,-99,0,0,0,0
4/21/2006,111,ACSA-02,50,VS,0,ND,0,0,ND,0,0,0,0,0,0,
4/21/2006,111,FRAM-03,51,SS,0,ND,0,0,ND,0,-99,0,0,0,0,
4/21/2006,111,POTR-04,52,BB,98,-99,-99,-99,-99,-99,-99,-99,-99,-99,-99,
4/21/2006,111,ACSA-03,53,VS,0,-99,0,0,ND,-99,-99,0,0,0,0,
4/21/2006,111,PRSE-04,54,BB,90,-99,-99,-99,-99,-99,-99,-99,-99,-99,-99,
4/21/2006,111,QURU-04,55,MS,0,ND,0,0,ND,-99,-99,0,0,0,0,
4/21/2006,111,ACRU-05,56,VS,0,BB,100,77,F,0,0,0,0,0,0,
4/21/2006,111,FRAM-04,57,SS,0,ND,0,0,ND,0,-99,0,0,0,0,
4/21/2006,111,POTR-02,58,VS,0,-99,-99,-99,-99,-99,-99,-99,-99,-99,-99,fruit developing
4/28/2006,118,AMSP-01,1,BB,5,-99,-99,-99,-99,-99,-99,-99,-99,-99,-99,~10% flowers open
4/28/2006,118,FRAM-01,2,MS,0,ND,0,0,ND,-99,-99,0,0,0,0,
4/28/2006,118,PRSE-01,3,BB,100,-99,-99,-99,-99,-99,-99,-99,-99,-99,-99,
4/28/2006,118,ACRU-01,4,VS,0,BB,100,85,M,-99,-99,0,0,0,0,most flwrs fallen
4/28/2006,118,COAL-01,5,BB,97,-99,-99,-99,-99,-99,-99,-99,-99,-99,-99,
4/28/2006,118,AMSP-02,6,BB,15,-99,-99,-99,-99,-99,-99,-99,-99,-99,-99,first flwrs open
4/28/2006,118,ACSA-01,7,BB,60,ND,0,0,ND,0,0,0,0,0,0,
4/28/2006,118,BELE-01,8,VS,0,-99,-99,-99,-99,-99,-99,-99,-99,-99,-99,
4/28/2006,118,BEAL-01,9,BB,3,SS,0,0,ND,0,-99,0,0,0,0,catkins starting to droop
4/28/2006,118,COAL-04,10,-99,-99,-99,-99,-99,-99,-99,-99,-99,-99,-99,-99,dead
4/28/2006,118,QURU-01,11,VS,0,ND,0,0,ND,-99,-99,0,0,0,0,
4/28/2006,118,QUAL-05,12,MS,0,ND,0,0,ND,0,0,0,0,0,0,new tree 2005
4/28/2006,118,FAGR-01,13,MS,0,ND,0,0,ND,0,0,0,0,0,0,
4/28/2006,118,ACPE-01,14,VS,0,ND,0,0,ND,0,0,0,0,0,0,inner shths ~3.5-4cm
4/28/2006,118,QUVE-01,15,MS,0,-99,-99,-99,-99,-99,-99,-99,-99,-99,-99,
4/28/2006,118,BEPA-01,16,VS,0,-99,-99,-99,-99,-99,-99,-99,-99,-99,-99,
4/28/2006,118,CRSP-01,17,BB,40,-99,-99,-99,-99,-99,-99,-99,-99,-99,-99,
4/28/2006,118,ACRU-02,18,VS,0,BB,100,70,M,-99,-99,0,0,0,0,
4/28/2006,118,ACPE-02,19,VS,0,ND,0,0,ND,0,0,0,0,0,0,inner sheaths 2-3cm
4/28/2006,118,FAGR-05,20,MS,0,ND,0,0,ND,0,0,0,0,0,0,
4/28/2006,118,ACPE-03,21,VS,0,ND,0,0,ND,0,0,0,0,0,0,inner shths 3-4cm
4/28/2006,118,HAVI-01,22,VS,0,ND,0,0,ND,0,-99,0,0,0,0,
4/28/2006,118,BEAL-02,23,VS,0,MS,0,0,ND,0,-99,0,0,0,0,
4/28/2006,118,BELE-02,24,MS,0,-99,-99,-99,-99,-99,-99,-99,-99,-99,-99,
4/28/2006,118,FAGR-06,25,MS,0,ND,0,0,ND,-99,-99,0,0,0,0,new tree fall 2004
4/28/2006,118,AMSP-03,26,VS,0,-99,-99,-99,-99,-99,-99,-99,-99,-99,-99,
4/28/2006,118,BEAL-03,27,VS,0,MS,0,0,ND,0,0,0,0,0,0,
4/28/2006,118,HAVI-02,28,BB,20,ND,0,0,ND,0,0,0,0,0,0,
4/28/2006,118,QURU-02,29,MS,0,ND,0,0,ND,-99,-99,0,0,0,0,
4/28/2006,118,ACRU-03,30,VS,0,BB,100,100,M,-99,-99,0,0,0,0,flwrs gone-weren't many
4/28/2006,118,ACPE-04,31,MS,0,ND,0,0,ND,0,0,0,0,0,0,inner shths ~1.5-2.5cm
4/28/2006,118,QUVE-02,32,VS,0,-99,-99,-99,-99,-99,-99,-99,-99,-99,-99,
4/28/2006,118,ACRU-04,33,BB,5,BB,100,100,M,0,0,0,0,0,0,
4/28/2006,118,QUAL-02,34,MS,0,ND,0,0,ND,0,0,0,0,0,0,
4/28/2006,118,CRSP-03,35,VS,0,-99,-99,-99,-99,-99,-99,-99,-99,-99,-99,
4/28/2006,118,BELE-03,36,VS,0,-99,-99,-99,-99,-99,-99,-99,-99,-99,-99,
4/28/2006,118,HAVI-03,37,BB,15,ND,0,0,ND,0,0,0,0,0,0,
4/28/2006,118,QUVE-03,38,MS,0,-99,-99,-99,-99,-99,-99,-99,-99,-99,-99,
4/28/2006,118,QUVE-04,39,VS,0,-99,-99,-99,-99,-99,-99,-99,-99,-99,-99,
4/28/2006,118,QURU-03,40,VS,0,ND,0,0,ND,-99,-99,0,0,0,0
4/28/2006,118,CRSP-02,41,VS,0,-99,-99,-99,-99,-99,-99,-99,-99,-99,-99
4/28/2006,118,PRSE-02,42,BB,100,-99,-99,-99,-99,-99,-99,-99,-99,-99,-99
4/28/2006,118,BEPA-02,43,BB,2,-99,-99,-99,-99,-99,-99,-99,-99,-99,-99
4/28/2006,118,BEPA-03,44,VS,0,-99,-99,-99,-99,-99,-99,-99,-99,-99,-99
4/28/2006,118,BEPA-04,45,VS,0,-99,-99,-99,-99,-99,-99,-99,-99,-99,-99
4/28/2006,118,COAL-03,46,BB,85,-99,-99,-99,-99,-99,-99,-99,-99,-99,-99
4/28/2006,118,FRAM-02,47,MS,0,ND,0,0,ND,-99,-99,0,0,0,0
4/28/2006,118,FAGR-04,48,VS,0,ND,0,0,ND,0,0,0,0,0,0
4/28/2006,118,QUAL-03,49,MS,0,ND,0,0,ND,0,-99,0,0,0,0
4/28/2006,118,ACSA-02,50,BB,1,ND,0,0,ND,0,0,0,0,0,0
4/28/2006,118,FRAM-03,51,MS,0,ND,0,0,ND,0,-99,0,0,0,0
4/28/2006,118,POTR-04,52,BB,100,-99,-99,-99,-99,-99,-99,-99,-99,-99,-99
4/28/2006,118,ACSA-03,53,BB,20,BB,80,0,ND,-99,-99,0,0,0,0
4/28/2006,118,PRSE-04,54,BB,95,-99,-99,-99,-99,-99,-99,-99,-99,-99,-99
4/28/2006,118,QURU-04,55,VS,0,ND,0,0,ND,-99,-99,0,0,0,0
4/28/2006,118,ACRU-05,56,BB,10,BB,100,100,F,0,0,0,0,0,0,fruit developing
4/28/2006,118,FRAM-04,57,MS,0,VS,0,0,ND,0,-99,0,0,0,0,
4/28/2006,118,POTR-02,58,BB,75,-99,-99,-99,-99,-99,-99,-99,-99,-99,-99,fruit developing
5/4/2006,124,AMSP-01,1,BB,97,-99,-99,-99,-99,-99,-99,-99,-99,-99,-99,flwrs BB=100 past=~5%
5/4/2006,124,FRAM-01,2,VS,0,ND,0,0,ND,-99,-99,0,0,0,0,
5/4/2006,124,PRSE-01,3,BB,100,-99,-99,-99,-99,-99,-99,-99,-99,-99,-99,
5/4/2006,124,ACRU-01,4,BB,2,BB,100,100,M,-99,-99,0,0,0,0,
5/4/2006,124,COAL-01,5,BB,99,-99,-99,-99,-99,-99,-99,-99,-99,-99,-99,flwr buds VS
5/4/2006,124,AMSP-02,6,BB,98,-99,-99,-99,-99,-99,-99,-99,-99,-99,-99,flwrs BB=100 past~15%
5/4/2006,124,ACSA-01,7,BB,99,ND,0,0,ND,0,0,10,0,0,0,
5/4/2006,124,BELE-01,8,BB,1,-99,-99,-99,-99,-99,-99,-99,-99,-99,-99,
5/4/2006,124,BEAL-01,9,BB,15,BB,50,0,ND,0,-99,0,0,0,0,catkins dangling
5/4/2006,124,COAL-04,10,-99,-99,-99,-99,-99,-99,-99,-99,-99,-99,-99,-99,dead
5/4/2006,124,QURU-01,11,VS,0,ND,0,0,ND,-99,-99,0,0,0,0,
5/4/2006,124,QUAL-05,12,VS,0,ND,0,0,ND,0,0,0,0,0,0,new tree 2005
5/4/2006,124,FAGR-01,13,MS,0,ND,0,0,ND,0,0,0,0,0,0,
5/4/2006,124,ACPE-01,14,BB,85,VS,0,0,ND,0,0,0,0,0,0,
5/4/2006,124,QUVE-01,15,BB,1,-99,-99,-99,-99,-99,-99,-99,-99,-99,-99,
5/4/2006,124,BEPA-01,16,VS,0,-99,-99,-99,-99,-99,-99,-99,-99,-99,-99,
5/4/2006,124,CRSP-01,17,BB,95,-99,-99,-99,-99,-99,-99,-99,-99,-99,-99,
5/4/2006,124,ACRU-02,18,BB,15,BB,100,100,M,-99,-99,0,0,0,0,
5/4/2006,124,ACPE-02,19,BB,1,ND,0,0,ND,0,0,0,0,0,0,inner shths~4cm splittng
5/4/2006,124,FAGR-05,20,VS,0,ND,0,0,ND,0,0,0,0,0,0,
5/4/2006,124,ACPE-03,21,BB,1,ND,0,0,ND,0,0,0,0,0,0,inner shths~5cm splittng
5/4/2006,124,HAVI-01,22,BB,95,ND,0,0,ND,0,-99,0,0,0,0,
5/4/2006,124,BEAL-02,23,VS,0,MS,0,0,ND,0,-99,0,0,0,0,
5/4/2006,124,BELE-02,24,VS,0,-99,-99,-99,-99,-99,-99,-99,-99,-99,-99,
5/4/2006,124,FAGR-06,25,VS,0,ND,0,0,ND,-99,-99,0,0,0,0,new tree fall 2004
5/4/2006,124,AMSP-03,26,BB,2,-99,-99,-99,-99,-99,-99,-99,-99,-99,-99,
5/4/2006,124,BEAL-03,27,VS,0,VS,0,0,ND,0,0,0,0,0,0,
5/4/2006,124,HAVI-02,28,BB,99,ND,0,0,ND,0,0,8,0,0,0,
5/4/2006,124,QURU-02,29,VS,0,ND,0,0,ND,-99,-99,0,0,0,0,
5/4/2006,124,ACRU-03,30,VS,0,BB,100,100,M,-99,-99,0,0,0,0,
5/4/2006,124,ACPE-04,31,VS,0,ND,0,0,ND,0,0,0,0,0,0,inner sheaths 2.5-3.5cm
5/4/2006,124,QUVE-02,32,VS,0,-99,-99,-99,-99,-99,-99,-99,-99,-99,-99,
5/4/2006,124,ACRU-04,33,BB,45,BB,100,100,M,0,0,0,0,0,0,
5/4/2006,124,QUAL-02,34,VS,0,ND,0,0,ND,0,0,0,0,0,0,
5/4/2006,124,CRSP-03,35,BB,30,-99,-99,-99,-99,-99,-99,-99,-99,-99,-99,
5/4/2006,124,BELE-03,36,VS,0,-99,-99,-99,-99,-99,-99,-99,-99,-99,-99,catkins fat
5/4/2006,124,HAVI-03,37,BB,95,ND,0,0,ND,0,0,8,0,0,0,
5/4/2006,124,QUVE-03,38,VS,0,-99,-99,-99,-99,-99,-99,-99,-99,-99,-99,
5/4/2006,124,QUVE-04,39,BB,5,-99,-99,-99,-99,-99,-99,-99,-99,-99,-99,
5/4/2006,124,QURU-03,40,BB,15,ND,0,0,ND,-99,-99,0,0,0,0,
5/4/2006,124,CRSP-02,41,BB,20,-99,-99,-99,-99,-99,-99,-99,-99,-99,-99,
5/4/2006,124,PRSE-02,42,BB,100,-99,-99,-99,-99,-99,-99,-99,-99,-99,-99,
5/4/2006,124,BEPA-02,43,BB,50,-99,-99,-99,-99,-99,-99,-99,-99,-99,-99,
5/4/2006,124,BEPA-03,44,BB,15,-99,-99,-99,-99,-99,-99,-99,-99,-99,-99,
5/4/2006,124,BEPA-04,45,BB,55,-99,-99,-99,-99,-99,-99,-99,-99,-99,-99,catkins starting to dangle
5/4/2006,124,COAL-03,46,BB,97,-99,-99,-99,-99,-99,-99,-99,-99,-99,-99,flwrs VS
5/4/2006,124,FRAM-02,47,MS,0,VS,0,0,ND,-99,-99,0,0,0,0,
5/4/2006,124,FAGR-04,48,BB,35,ND,0,0,ND,0,0,0,0,0,0,
5/4/2006,124,QUAL-03,49,VS,0,ND,0,0,ND,0,-99,0,0,0,0,
5/4/2006,124,ACSA-02,50,BB,98,ND,0,0,ND,0,0,8,0,0,0,
5/4/2006,124,FRAM-03,51,VS,0,ND,0,0,ND,0,-99,0,0,0,0,
5/4/2006,124,POTR-04,52,BB,100,-99,-99,-99,-99,-99,-99,-99,-99,-99,-99,
5/4/2006,124,ACSA-03,53,BB,60,BB,95,10,ND,-99,-99,0,0,0,0,
5/4/2006,124,PRSE-04,54,BB,97,-99,-99,-99,-99,-99,-99,-99,-99,-99,-99,
5/4/2006,124,QURU-04,55,BB,10,VS,0,0,ND,-99,-99,0,0,0,0,
5/4/2006,124,ACRU-05,56,BB,97,BB,100,100,F,0,0,8,0,0,0,fruit dev up to 1.5cm
5/4/2006,124,FRAM-04,57,VS,0,VS,0,0,ND,0,-99,0,0,0,0,
5/4/2006,124,POTR-02,58,BB,100,-99,-99,-99,-99,-99,-99,-99,-99,-99,-99,fruit developing
5/8/2006,128,AMSP-01,1,BB,100,-99,-99,-99,-99,-99,-99,-99,-99,-99,-99,flwrs bb=100 past~75%
5/8/2006,128,FRAM-01,2,BB,55,ND,0,0,ND,-99,-99,0,0,0,0,
5/8/2006,128,PRSE-01,3,BB,100,-99,-99,-99,-99,-99,-99,-99,-99,-99,-99,
5/8/2006,128,ACRU-01,4,BB,7,BB,100,100,M,-99,-99,0,0,0,0,
5/8/2006,128,COAL-01,5,BB,100,-99,-99,-99,-99,-99,-99,-99,-99,-99,-99,flwr buds VS
5/8/2006,128,AMSP-02,6,BB,100,-99,-99,-99,-99,-99,-99,-99,-99,-99,-99,flwrs few- most past
5/8/2006,128,ACSA-01,7,BB,100,ND,0,0,ND,7,7,13,0,0,0,
5/8/2006,128,BELE-01,8,BB,60,-99,-99,-99,-99,-99,-99,-99,-99,-99,-99,catkins dangling
5/8/2006,128,BEAL-01,9,BB,80,BB,100,0,ND,0,-99,0,0,0,0,catkins dangling
5/8/2006,128,COAL-04,10,-99,-99,-99,-99,-99,-99,-99,-99,-99,-99,-99,-99,dead
5/8/2006,128,QURU-01,11,BB,70,ND,0,0,ND,-99,-99,0,0,0,0,
5/8/2006,128,QUAL-05,12,BB,7,ND,0,0,ND,0,0,0,0,0,0,new tree 2005
5/8/2006,128,FAGR-01,13,BB,5,ND,0,0,ND,0,0,0,0,0,0,
5/8/2006,128,ACPE-01,14,BB,100,BB,75,0,M,0,0,0,0,0,0,
5/8/2006,128,QUVE-01,15,BB,40,-99,-99,-99,-99,-99,-99,-99,-99,-99,-99,flwrs visible
5/8/2006,128,BEPA-01,16,BB,25,-99,-99,-99,-99,-99,-99,-99,-99,-99,-99,most catkins dangling
5/8/2006,128,CRSP-01,17,BB,100,-99,-99,-99,-99,-99,-99,-99,-99,-99,-99,
5/8/2006,128,ACRU-02,18,BB,55,BB,100,100,M,-99,-99,0,0,0,0,
5/8/2006,128,ACPE-02,19,BB,75,BB,10,0,ND,0,0,0,0,0,0, 
5/8/2006,128,FAGR-05,20,BB,45,ND,0,0,ND,0,0,0,0,0,0,
5/8/2006,128,ACPE-03,21,BB,100,ND,0,0,ND,7,6,8,0,0,0, 
5/8/2006,128,HAVI-01,22,BB,99,ND,0,0,ND,5,-99,10,0,0,0,
5/8/2006,128,BEAL-02,23,BB,5,BB,70,0,ND,0,-99,0,0,0,0,most catkins dangling
5/8/2006,128,BELE-02,24,VS,0,-99,-99,-99,-99,-99,-99,-99,-99,-99,-99,
5/8/2006,128,FAGR-06,25,BB,92,ND,0,0,ND,-99,-99,0,0,0,0,new tree fall 2004
5/8/2006,128,AMSP-03,26,BB,75,-99,-99,-99,-99,-99,-99,-99,-99,-99,-99,
5/8/2006,128,BEAL-03,27,BB,35,BB,75,0,ND,0,0,0,0,0,0,most catkins dangling
5/8/2006,128,HAVI-02,28,BB,100,ND,0,0,ND,5,-99,13,0,0,0,
5/8/2006,128,QURU-02,29,VS,0,ND,0,0,ND,-99,-99,0,0,0,0,
5/8/2006,128,ACRU-03,30,BB,35,BB,100,100,M,-99,-99,0,0,0,0,
5/8/2006,128,ACPE-04,31,BB,20,ND,0,0,ND,0,0,0,0,0,0, 
5/8/2006,128,QUVE-02,32,VS,0,-99,-99,-99,-99,-99,-99,-99,-99,-99,-99,
5/8/2006,128,ACRU-04,33,BB,95,BB,100,100,M,0,0,0,0,0,0,
5/8/2006,128,QUAL-02,34,VS,0,ND,0,0,ND,0,0,0,0,0,0,
5/8/2006,128,CRSP-03,35,BB,100,-99,-99,-99,-99,-99,-99,-99,-99,-99,-99,
5/8/2006,128,BELE-03,36,BB,1,-99,-99,-99,-99,-99,-99,-99,-99,-99,-99,many catkins dangling
5/8/2006,128,HAVI-03,37,BB,100,ND,0,0,ND,6,-99,13,0,0,0,
5/8/2006,128,QUVE-03,38,BB,25,-99,-99,-99,-99,-99,-99,-99,-99,-99,-99,
5/8/2006,128,QUVE-04,39,BB,85,-99,-99,-99,-99,-99,-99,-99,-99,-99,-99,
5/8/2006,128,QURU-03,40,BB,90,BB,50,0,ND,-99,-99,0,0,0,0,flwrs visible
5/8/2006,128,CRSP-02,41,BB,98,-99,-99,-99,-99,-99,-99,-99,-99,-99,-99,
5/8/2006,128,PRSE-02,42,BB,100,-99,-99,-99,-99,-99,-99,-99,-99,-99,-99,
5/8/2006,128,BEPA-02,43,BB,98,-99,-99,-99,-99,-99,-99,-99,-99,-99,-99,
5/8/2006,128,BEPA-03,44,BB,85,-99,-99,-99,-99,-99,-99,-99,-99,-99,-99,
5/8/2006,128,BEPA-04,45,BB,95,-99,-99,-99,-99,-99,-99,-99,-99,-99,-99,many catkins dangling
5/8/2006,128,COAL-03,46,BB,100,-99,-99,-99,-99,-99,-99,-99,-99,-99,-99,flwrs VS
5/8/2006,128,FRAM-02,47,BB,5,BB,50,0,ND,-99,-99,0,0,0,0,flwrs visible
5/8/2006,128,FAGR-04,48,BB,100,ND,0,0,ND,0,0,0,0,0,0,
5/8/2006,128,QUAL-03,49,VS,0,ND,0,0,ND,0,-99,0,0,0,0,
5/8/2006,128,ACSA-02,50,BB,100,ND,0,0,ND,8,5,15,0,0,0,
5/8/2006,128,FRAM-03,51,BB,30,ND,0,0,ND,0,-99,0,0,0,0,
5/8/2006,128,POTR-04,52,BB,100,-99,-99,-99,-99,-99,-99,-99,-99,-99,-99,
5/8/2006,128,ACSA-03,53,BB,95,BB,100,55,ND,-99,-99,0,0,0,0,
5/8/2006,128,PRSE-04,54,BB,100,-99,-99,-99,-99,-99,-99,-99,-99,-99,-99,
5/8/2006,128,QURU-04,55,BB,85,BB,50,0,ND,-99,-99,0,0,0,0,flwrs visible
5/8/2006,128,ACRU-05,56,BB,100,BB,100,100,F,6,4,13,0,0,0,fruit dev up to 2 cm
5/8/2006,128,FRAM-04,57,VS,0,BB,50,0,ND,0,-99,0,0,0,0,flwrs opening
5/8/2006,128,POTR-02,58,BB,100,-99,-99,-99,-99,-99,-99,-99,-99,-99,-99,fruit developing
5/11/2006,131,AMSP-01,1,BB,100,-99,-99,-99,-99,-99,-99,-99,-99,-99,-99,flwrs 90% past
5/11/2006,131,FRAM-01,2,BB,98,ND,0,0,ND,-99,-99,5,0,0,0,
5/11/2006,131,PRSE-01,3,BB,100,-99,-99,-99,-99,-99,-99,-99,-99,-99,-99,
5/11/2006,131,ACRU-01,4,BB,10,BB,100,100,M,-99,-99,0,0,0,0,
5/11/2006,131,COAL-01,5,BB,100,-99,-99,-99,-99,-99,-99,-99,-99,-99,-99,flwr buds VS
5/11/2006,131,AMSP-02,6,BB,100,-99,-99,-99,-99,-99,-99,-99,-99,-99,-99,flwrs few- most past
5/11/2006,131,ACSA-01,7,BB,100,ND,0,0,ND,10,10,33,0,0,0,
5/11/2006,131,BELE-01,8,BB,70,-99,-99,-99,-99,-99,-99,-99,-99,-99,-99,catkins falling
5/11/2006,131,BEAL-01,9,BB,90,BB,100,55,ND,7,-99,-99,0,0,0,catkins falling
5/11/2006,131,COAL-04,10,-99,-99,-99,-99,-99,-99,-99,-99,-99,-99,-99,-99,dead
5/11/2006,131,QURU-01,11,BB,80,BB,75,0,ND,-99,-99,0,0,0,0,flwrs visible
5/11/2006,131,QUAL-05,12,BB,65,ND,0,0,ND,0,0,0,0,0,0,new tree 2005
5/11/2006,131,FAGR-01,13,BB,25,ND,0,0,ND,0,0,0,0,0,0,
5/11/2006,131,ACPE-01,14,BB,100,BB,100,0,M,12,10,35,0,0,0,
5/11/2006,131,QUVE-01,15,BB,75,-99,-99,-99,-99,-99,-99,-99,-99,-99,-99,flwrs visible
5/11/2006,131,BEPA-01,16,BB,80,-99,-99,-99,-99,-99,-99,-99,-99,-99,-99,catkins dangling
5/11/2006,131,CRSP-01,17,BB,100,-99,-99,-99,-99,-99,-99,-99,-99,-99,-99,
5/11/2006,131,ACRU-02,18,BB,90,BB,100,100,M,-99,-99,0,0,0,0,
5/11/2006,131,ACPE-02,19,BB,98,BB,25,0,ND,8,6,13,0,0,0, 
5/11/2006,131,FAGR-05,20,BB,50,ND,0,0,ND,0,0,0,0,0,0,
5/11/2006,131,ACPE-03,21,BB,100,ND,0,0,ND,10,9,15,0,0,0, 
5/11/2006,131,HAVI-01,22,BB,100,ND,0,0,ND,5,-99,10,0,0,0,
5/11/2006,131,BEAL-02,23,BB,15,BB,75,0,ND,0,-99,0,0,0,0,most catkins dangling
5/11/2006,131,BELE-02,24,BB,5,-99,-99,-99,-99,-99,-99,-99,-99,-99,-99,
5/11/2006,131,FAGR-06,25,BB,100,ND,0,0,ND,-99,-99,0,0,0,0,new tree fall 2004
5/11/2006,131,AMSP-03,26,BB,98,-99,-99,-99,-99,-99,-99,-99,-99,-99,-99,
5/11/2006,131,BEAL-03,27,BB,75,BB,90,10,ND,0,0,0,0,0,0,a few catkins falling
5/11/2006,131,HAVI-02,28,BB,100,ND,0,0,ND,6,5,20,0,0,0,
5/11/2006,131,QURU-02,29,BB,40,ND,0,0,ND,-99,-99,0,0,0,0,
5/11/2006,131,ACRU-03,30,BB,85,BB,100,100,M,-99,-99,0,0,0,0,
5/11/2006,131,ACPE-04,31,BB,80,ND,0,0,ND,0,0,0,0,0,0, 
5/11/2006,131,QUVE-02,32,BB,60,-99,-99,-99,-99,-99,-99,-99,-99,-99,-99,
5/11/2006,131,ACRU-04,33,BB,100,BB,100,100,M,7,5,13,0,0,0,
5/11/2006,131,QUAL-02,34,VS,0,ND,0,0,ND,0,0,0,0,0,0,
5/11/2006,131,CRSP-03,35,BB,100,-99,-99,-99,-99,-99,-99,-99,-99,-99,-99,
5/11/2006,131,BELE-03,36,BB,15,-99,-99,-99,-99,-99,-99,-99,-99,-99,-99,a few catkins falling
5/11/2006,131,HAVI-03,37,BB,100,ND,0,0,ND,6,5,20,0,0,0,
5/11/2006,131,QUVE-03,38,BB,70,-99,-99,-99,-99,-99,-99,-99,-99,-99,-99,
5/11/2006,131,QUVE-04,39,BB,95,-99,-99,-99,-99,-99,-99,-99,-99,-99,-99,
5/11/2006,131,QURU-03,40,BB,92,BB,100,-99,ND,-99,-99,0,0,0,0,flwrs visible
5/11/2006,131,CRSP-02,41,BB,100,-99,-99,-99,-99,-99,-99,-99,-99,-99,-99,
5/11/2006,131,PRSE-02,42,BB,100,-99,-99,-99,-99,-99,-99,-99,-99,-99,-99,
5/11/2006,131,BEPA-02,43,BB,99,-99,-99,-99,-99,-99,-99,-99,-99,-99,-99,
5/11/2006,131,BEPA-03,44,BB,98,-99,-99,-99,-99,-99,-99,-99,-99,-99,-99,
5/11/2006,131,BEPA-04,45,BB,99,-99,-99,-99,-99,-99,-99,-99,-99,-99,-99,catkins strating to fall
5/11/2006,131,COAL-03,46,BB,100,-99,-99,-99,-99,-99,-99,-99,-99,-99,-99,flwrs VS
5/11/2006,131,FRAM-02,47,BB,20,BB,55,0,ND,-99,-99,0,0,0,0,flwrs visible
5/11/2006,131,FAGR-04,48,BB,100,ND,0,0,ND,13,-99,35,0,0,0,
5/11/2006,131,QUAL-03,49,BB,3,ND,0,0,ND,0,-99,0,0,0,0,
5/11/2006,131,ACSA-02,50,BB,100,ND,0,0,ND,9,8,28,0,0,0,
5/11/2006,131,FRAM-03,51,BB,100,ND,0,0,ND,0,-99,0,0,0,0,
5/11/2006,131,POTR-04,52,BB,100,-99,-99,-99,-99,-99,-99,-99,-99,-99,-99,
5/11/2006,131,ACSA-03,53,BB,100,BB,100,80,ND,-99,-99,23,0,0,0,some flwrs falling
5/11/2006,131,PRSE-04,54,BB,100,-99,-99,-99,-99,-99,-99,-99,-99,-99,-99,
5/11/2006,131,QURU-04,55,BB,90,BB,80,-99,ND,-99,-99,0,0,0,0,flwrs visible
5/11/2006,131,ACRU-05,56,BB,100,BB,100,100,F,6,4,13,0,0,0,fruit dev up to 2 cm
5/11/2006,131,FRAM-04,57,BB,3,BB,75,0,ND,0,-99,0,0,0,0,flwrs opening
5/11/2006,131,POTR-02,58,BB,100,-99,-99,-99,-99,-99,-99,-99,-99,-99,-99,fruit developing
5/17/2006,137,AMSP-01,1,BB,100,-99,-99,-99,-99,-99,-99,-99,-99,-99,-99,flwrs gone
5/17/2006,137,FRAM-01,2,BB,100,ND,0,0,ND,-99,-99,8,0,0,0,
5/17/2006,137,PRSE-01,3,BB,100,-99,-99,-99,-99,-99,-99,-99,-99,-99,-99,
5/17/2006,137,ACRU-01,4,BB,40,BB,100,100,M,-99,-99,0,0,0,0,
5/17/2006,137,COAL-01,5,BB,100,-99,-99,-99,-99,-99,-99,-99,-99,-99,-99,flwr buds VS
5/17/2006,137,AMSP-02,6,BB,100,-99,-99,-99,-99,-99,-99,-99,-99,-99,-99,flwrs gone
5/17/2006,137,ACSA-01,7,BB,100,ND,0,0,ND,10,10,30,0,0,0,
5/17/2006,137,BELE-01,8,BB,95,-99,-99,-99,-99,-99,-99,-99,-99,-99,-99,most catkins fallen
5/17/2006,137,BEAL-01,9,BB,95,BB,100,100,ND,8,-99,25,0,0,0,catkins gone
5/17/2006,137,COAL-04,10,-99,-99,-99,-99,-99,-99,-99,-99,-99,-99,-99,-99,dead
5/17/2006,137,QURU-01,11,BB,97,BB,100,20,ND,-99,-99,10,0,0,0,flwrs visible
5/17/2006,137,QUAL-05,12,BB,98,ND,0,0,ND,0,0,8,0,0,0,new tree 2005
5/17/2006,137,FAGR-01,13,BB,42,ND,0,0,ND,0,0,0,0,0,0,
5/17/2006,137,ACPE-01,14,BB,100,BB,100,20,M,13,10,35,0,0,0,
5/17/2006,137,QUVE-01,15,BB,90,-99,-99,-99,-99,-99,-99,-99,-99,-99,-99,flwrs visible
5/17/2006,137,BEPA-01,16,BB,85,-99,-99,-99,-99,-99,-99,-99,-99,-99,-99,catkins gone
5/17/2006,137,CRSP-01,17,BB,100,-99,-99,-99,-99,-99,-99,-99,-99,-99,-99,
5/17/2006,137,ACRU-02,18,BB,90,BB,100,100,M,-99,-99,10,0,0,0,
5/17/2006,137,ACPE-02,19,BB,100,BB,95,5,M,11,11,18,0,0,0, 
5/17/2006,137,FAGR-05,20,BB,95,ND,0,0,ND,10,-99,15,0,0,0,
5/17/2006,137,ACPE-03,21,BB,100,BB,75,0,ND,12,10,20,0,0,0, 
5/17/2006,137,HAVI-01,22,BB,100,ND,0,0,ND,8,6,25,0,0,0,
5/17/2006,137,BEAL-02,23,BB,80,BB,100,25,ND,0,-99,0,0,0,0,catkins falling
5/17/2006,137,BELE-02,24,BB,50,-99,-99,-99,-99,-99,-99,-99,-99,-99,-99,
5/17/2006,137,FAGR-06,25,BB,100,ND,0,0,ND,-99,-99,20,0,0,0,new tree fall 2004
5/17/2006,137,AMSP-03,26,BB,100,-99,-99,-99,-99,-99,-99,-99,-99,-99,-99,
5/17/2006,137,BEAL-03,27,BB,90,BB,100,8,ND,0,0,0,0,0,0,a few catkins falling
5/17/2006,137,HAVI-02,28,BB,100,ND,0,0,ND,8,6,35,0,0,0,
5/17/2006,137,QURU-02,29,BB,80,ND,0,0,ND,-99,-99,0,0,0,0,
5/17/2006,137,ACRU-03,30,BB,95,BB,100,100,M,-99,-99,8,0,0,0,
5/17/2006,137,ACPE-04,31,BB,100,ND,0,0,ND,7,6,13,0,0,0,no flwrs
5/17/2006,137,QUVE-02,32,BB,90,-99,-99,-99,-99,-99,-99,-99,-99,-99,-99,
5/17/2006,137,ACRU-04,33,BB,100,BB,100,100,M,8,8,18,0,0,0,
5/17/2006,137,QUAL-02,34,BB,5,ND,0,0,ND,0,0,0,0,0,0,
5/17/2006,137,CRSP-03,35,BB,100,-99,-99,-99,-99,-99,-99,-99,-99,-99,-99,
5/17/2006,137,BELE-03,36,BB,50,-99,-99,-99,-99,-99,-99,-99,-99,-99,-99,a few catkins falling
5/17/2006,137,HAVI-03,37,BB,100,ND,0,0,ND,8,6,28,0,0,0,
5/17/2006,137,QUVE-03,38,BB,80,-99,-99,-99,-99,-99,-99,-99,-99,-99,-99,
5/17/2006,137,QUVE-04,39,BB,95,-99,-99,-99,-99,-99,-99,-99,-99,-99,-99,
5/17/2006,137,QURU-03,40,BB,99,BB,100,50,ND,-99,-99,10,0,0,0,some flwrs still visible
5/17/2006,137,CRSP-02,41,BB,100,-99,-99,-99,-99,-99,-99,-99,-99,-99,-99,
5/17/2006,137,PRSE-02,42,BB,100,-99,-99,-99,-99,-99,-99,-99,-99,-99,-99,
5/17/2006,137,BEPA-02,43,BB,100,-99,-99,-99,-99,-99,-99,-99,-99,-99,-99,
5/17/2006,137,BEPA-03,44,BB,99,-99,-99,-99,-99,-99,-99,-99,-99,-99,-99,
5/17/2006,137,BEPA-04,45,BB,100,-99,-99,-99,-99,-99,-99,-99,-99,-99,-99,catkins fallen
5/17/2006,137,COAL-03,46,BB,100,-99,-99,-99,-99,-99,-99,-99,-99,-99,-99,flwrs VS
5/17/2006,137,FRAM-02,47,BB,75,BB,100,90,ND,-99,-99,0,0,0,0,flwrs going past
5/17/2006,137,FAGR-04,48,BB,100,ND,0,0,ND,15,-99,45,0,0,0,
5/17/2006,137,QUAL-03,49,BB,20,ND,0,0,ND,0,-99,0,0,0,0,
5/17/2006,137,ACSA-02,50,BB,100,ND,0,0,ND,11,10,45,0,0,0,
5/17/2006,137,FRAM-03,51,BB,100,ND,0,0,ND,7,-99,8,0,0,0,
5/17/2006,137,POTR-04,52,BB,100,-99,-99,-99,-99,-99,-99,-99,-99,-99,-99,
5/17/2006,137,ACSA-03,53,BB,100,BB,100,100,ND,-99,-99,23,0,0,0,fruit developing
5/17/2006,137,PRSE-04,54,BB,100,-99,-99,-99,-99,-99,-99,-99,-99,-99,-99,
5/17/2006,137,QURU-04,55,BB,98,BB,100,25,ND,-99,-99,10,0,0,0,flwrs visible
5/17/2006,137,ACRU-05,56,BB,100,BB,100,100,F,9,9,35,0,0,0,fruit still on up to 2cm
5/17/2006,137,FRAM-04,57,BB,20,BB,100,55,ND,0,-99,0,0,0,0,flwrs starting past
5/17/2006,137,POTR-02,58,BB,100,-99,-99,-99,-99,-99,-99,-99,-99,-99,-99,fruit still on
5/22/2006,142,AMSP-01,1,BB,100,-99,-99,-99,-99,-99,-99,-99,-99,-99,-99, 
5/22/2006,142,FRAM-01,2,BB,100,ND,0,0,ND,-99,-99,15,0,0,0,
5/22/2006,142,PRSE-01,3,BB,100,-99,-99,-99,-99,-99,-99,-99,-99,-99,-99,
5/22/2006,142,ACRU-01,4,BB,90,BB,100,100,M,-99,-99,15,0,0,0,
5/22/2006,142,COAL-01,5,BB,100,-99,-99,-99,-99,-99,-99,-99,-99,-99,-99,flwr buds VS
5/22/2006,142,AMSP-02,6,BB,100,-99,-99,-99,-99,-99,-99,-99,-99,-99,-99, 
5/22/2006,142,ACSA-01,7,BB,100,ND,0,0,ND,13,14,60,25,0,0,
5/22/2006,142,BELE-01,8,BB,98,-99,-99,-99,-99,-99,-99,-99,-99,-99,-99,most catkins fallen
5/22/2006,142,BEAL-01,9,BB,99,BB,100,100,ND,10,6,35,0,0,0,catkins gone
5/22/2006,142,COAL-04,10,-99,-99,-99,-99,-99,-99,-99,-99,-99,-99,-99,-99,dead
5/22/2006,142,QURU-01,11,BB,100,BB,100,55,ND,-99,-99,13,0,0,0,flwrs falling
5/22/2006,142,QUAL-05,12,BB,99,ND,0,0,ND,6,3,8,0,0,0,new tree 2005
5/22/2006,142,FAGR-01,13,BB,100,ND,0,0,ND,12,6,23,0,0,0,
5/22/2006,142,ACPE-01,14,BB,100,BB,100,25,M,15,13,65,20,0,0,
5/22/2006,142,QUVE-01,15,BB,95,-99,-99,-99,-99,-99,-99,-99,-99,-99,-99,flwrs visible
5/22/2006,142,BEPA-01,16,BB,99,-99,-99,-99,-99,-99,-99,-99,-99,-99,-99,catkins gone
5/22/2006,142,CRSP-01,17,BB,100,-99,-99,-99,-99,-99,-99,-99,-99,-99,-99,
5/22/2006,142,ACRU-02,18,BB,100,BB,100,100,M,-99,-99,18,0,0,0,
5/22/2006,142,ACPE-02,19,BB,100,BB,100,8,M,13,13,33,0,0,0, 
5/22/2006,142,FAGR-05,20,BB,100,ND,0,0,ND,12,6,35,0,0,0,
5/22/2006,142,ACPE-03,21,BB,100,BB,100,80,ND,14,13,35,0,0,0, 
5/22/2006,142,HAVI-01,22,BB,100,ND,0,0,ND,10,7,43,0,0,0,
5/22/2006,142,BEAL-02,23,BB,97,BB,100,100,ND,6,-99,18,0,0,0,catkins fallen
5/22/2006,142,BELE-02,24,BB,98,-99,-99,-99,-99,-99,-99,-99,-99,-99,-99,
5/22/2006,142,FAGR-06,25,BB,100,ND,0,0,ND,-99,-99,40,0,0,0,new tree fall 2004
5/22/2006,142,AMSP-03,26,BB,100,-99,-99,-99,-99,-99,-99,-99,-99,-99,-99,
5/22/2006,142,BEAL-03,27,BB,99,BB,100,100,ND,6,4,23,0,0,0,catkins fallen
5/22/2006,142,HAVI-02,28,BB,100,ND,0,0,ND,9,8,48,0,0,0,
5/22/2006,142,QURU-02,29,BB,98,ND,0,0,ND,-99,-99,10,0,0,0,
5/22/2006,142,ACRU-03,30,BB,100,BB,100,100,M,-99,-99,10,0,0,0,
5/22/2006,142,ACPE-04,31,BB,100,ND,0,0,ND,9,8,25,0,0,0,no flwrs
5/22/2006,142,QUVE-02,32,BB,98,-99,-99,-99,-99,-99,-99,-99,-99,-99,-99,
5/22/2006,142,ACRU-04,33,BB,100,BB,100,100,M,10,11,45,0,0,0,
5/22/2006,142,QUAL-02,34,BB,80,ND,0,0,ND,-99,-99,0,0,0,0,
5/22/2006,142,CRSP-03,35,BB,100,-99,-99,-99,-99,-99,-99,-99,-99,-99,-99,
5/22/2006,142,BELE-03,36,BB,95,-99,-99,-99,-99,-99,-99,-99,-99,-99,-99,most catkins fallen
5/22/2006,142,HAVI-03,37,BB,100,ND,0,0,ND,9,8,40,0,0,0,
5/22/2006,142,QUVE-03,38,BB,92,-99,-99,-99,-99,-99,-99,-99,-99,-99,-99,
5/22/2006,142,QUVE-04,39,BB,100,-99,-99,-99,-99,-99,-99,-99,-99,-99,-99,
5/22/2006,142,QURU-03,40,BB,100,BB,100,100,ND,-99,-99,23,0,0,0, 
5/22/2006,142,CRSP-02,41,BB,100,-99,-99,-99,-99,-99,-99,-99,-99,-99,-99,
5/22/2006,142,PRSE-02,42,BB,100,-99,-99,-99,-99,-99,-99,-99,-99,-99,-99,
5/22/2006,142,BEPA-02,43,BB,100,-99,-99,-99,-99,-99,-99,-99,-99,-99,-99,
5/22/2006,142,BEPA-03,44,BB,100,-99,-99,-99,-99,-99,-99,-99,-99,-99,-99,
5/22/2006,142,BEPA-04,45,BB,100,-99,-99,-99,-99,-99,-99,-99,-99,-99,-99,catkins fallen
5/22/2006,142,COAL-03,46,BB,100,-99,-99,-99,-99,-99,-99,-99,-99,-99,-99,flwrs VS
5/22/2006,142,FRAM-02,47,BB,100,BB,100,100,ND,-99,-99,8,0,0,0,flwrs past
5/22/2006,142,FAGR-04,48,BB,100,ND,0,0,ND,16,7,60,20,0,0,
5/22/2006,142,QUAL-03,49,BB,90,ND,0,0,ND,0,-99,5,0,0,0,
5/22/2006,142,ACSA-02,50,BB,100,ND,0,0,ND,14,13,63,25,0,0,
5/22/2006,142,FRAM-03,51,BB,100,ND,0,0,ND,10,-99,10,0,0,0,
5/22/2006,142,POTR-04,52,BB,100,-99,-99,-99,-99,-99,-99,-99,-99,-99,-99,
5/22/2006,142,ACSA-03,53,BB,100,BB,100,100,ND,-99,-99,50,0,0,0,fruit developing
5/22/2006,142,PRSE-04,54,BB,100,-99,-99,-99,-99,-99,-99,-99,-99,-99,-99,
5/22/2006,142,QURU-04,55,BB,100,BB,100,55,ND,-99,-99,20,0,0,0,flwrs falling
5/22/2006,142,ACRU-05,56,BB,100,BB,100,100,F,11,11,55,15,0,0,fruit still on up to ~2cm
5/22/2006,142,FRAM-04,57,BB,75,BB,100,100,ND,0,-99,0,0,0,0,flwrs past
5/22/2006,142,POTR-02,58,BB,100,-99,-99,-99,-99,-99,-99,-99,-99,-99,-99,fruit still on?
5/27/2006,147,AMSP-01,1,BB,100,-99,-99,-99,-99,-99,-99,-99,-99,-99,-99, 
5/27/2006,147,FRAM-01,2,BB,100,ND,0,0,ND,-99,-99,23,0,0,0,
5/27/2006,147,PRSE-01,3,BB,100,-99,-99,-99,-99,-99,-99,-99,-99,-99,-99,
5/27/2006,147,ACRU-01,4,BB,100,BB,100,100,M,-99,-99,35,0,0,0,
5/27/2006,147,COAL-01,5,BB,100,-99,-99,-99,-99,-99,-99,-99,-99,-99,-99,flwr buds VS
5/27/2006,147,AMSP-02,6,BB,100,-99,-99,-99,-99,-99,-99,-99,-99,-99,-99, 
5/27/2006,147,ACSA-01,7,BB,100,ND,0,0,ND,13,14,63,30,0,0,
5/27/2006,147,BELE-01,8,BB,100,-99,-99,-99,-99,-99,-99,-99,-99,-99,-99,catkins gone
5/27/2006,147,BEAL-01,9,BB,100,BB,100,100,ND,12,7,53,20,0,0,catkins gone
5/27/2006,147,COAL-04,10,-99,-99,-99,-99,-99,-99,-99,-99,-99,-99,-99,-99,dead
5/27/2006,147,QURU-01,11,BB,100,BB,100,100,ND,-99,-99,25,0,0,0,flwrs gone
5/27/2006,147,QUAL-05,12,BB,100,ND,0,0,ND,12,5,23,0,0,0,new tree 2005
5/27/2006,147,FAGR-01,13,BB,100,ND,0,0,ND,16,8,55,20,0,0,
5/27/2006,147,ACPE-01,14,BB,100,BB,100,90,M,18,16,65,45,0,0,
5/27/2006,147,QUVE-01,15,BB,98,-99,-99,-99,-99,-99,-99,-99,-99,-99,-99,few flwrs still visible
5/27/2006,147,BEPA-01,16,BB,100,-99,-99,-99,-99,-99,-99,-99,-99,-99,-99,catkins gone
5/27/2006,147,CRSP-01,17,BB,100,-99,-99,-99,-99,-99,-99,-99,-99,-99,-99,
5/27/2006,147,ACRU-02,18,BB,100,BB,100,100,M,-99,-99,50,5,0,0,
5/27/2006,147,ACPE-02,19,BB,100,BB,100,25,M,16,16,50,0,0,0, 
5/27/2006,147,FAGR-05,20,BB,100,ND,0,0,ND,15,7,50,0,0,0,
5/27/2006,147,ACPE-03,21,BB,100,BB,100,55,M,17,17,53,0,0,0, 
5/27/2006,147,HAVI-01,22,BB,100,ND,0,0,ND,12,9,58,35,0,0,
5/27/2006,147,BEAL-02,23,BB,100,BB,100,100,ND,6,-99,18,0,0,0,catkins fallen
5/27/2006,147,BELE-02,24,BB,100,-99,-99,-99,-99,-99,-99,-99,-99,-99,-99,
5/27/2006,147,FAGR-06,25,BB,100,ND,0,0,ND,-99,-99,65,35,0,0,new tree fall 2004
5/27/2006,147,AMSP-03,26,BB,100,-99,-99,-99,-99,-99,-99,-99,-99,-99,-99,
5/27/2006,147,BEAL-03,27,BB,100,BB,100,100,ND,8,5,50,10,0,0,catkins fallen
5/27/2006,147,HAVI-02,28,BB,100,ND,0,0,ND,11,9,70,65,0,0,
5/27/2006,147,QURU-02,29,BB,100,ND,0,0,ND,-99,-99,23,0,0,0,
5/27/2006,147,ACRU-03,30,BB,100,BB,100,100,M,-99,-99,45,0,0,0,
5/27/2006,147,ACPE-04,31,BB,100,ND,0,0,ND,11,12,48,0,0,0,no flwrs
5/27/2006,147,QUVE-02,32,BB,100,-99,-99,-99,-99,-99,-99,-99,-99,-99,-99,
5/27/2006,147,ACRU-04,33,BB,100,BB,100,100,M,13,14,70,35,0,F,
5/27/2006,147,QUAL-02,34,BB,98,ND,0,0,ND,-99,-99,10,0,0,0,
5/27/2006,147,CRSP-03,35,BB,100,-99,-99,-99,-99,-99,-99,-99,-99,-99,-99,
5/27/2006,147,BELE-03,36,BB,100,-99,-99,-99,-99,-99,-99,-99,-99,-99,-99,catkins gone
5/27/2006,147,HAVI-03,37,BB,100,ND,0,0,ND,11,8,63,25,0,0,
5/27/2006,147,QUVE-03,38,BB,98,-99,-99,-99,-99,-99,-99,-99,-99,-99,-99,some flwrs on
5/27/2006,147,QUVE-04,39,BB,100,-99,-99,-99,-99,-99,-99,-99,-99,-99,-99,
5/27/2006,147,QURU-03,40,BB,100,BB,100,100,ND,-99,-99,43,0,0,0, 
5/27/2006,147,CRSP-02,41,BB,100,-99,-99,-99,-99,-99,-99,-99,-99,-99,-99,
5/27/2006,147,PRSE-02,42,BB,100,-99,-99,-99,-99,-99,-99,-99,-99,-99,-99,
5/27/2006,147,BEPA-02,43,BB,100,-99,-99,-99,-99,-99,-99,-99,-99,-99,-99,
5/27/2006,147,BEPA-03,44,BB,100,-99,-99,-99,-99,-99,-99,-99,-99,-99,-99,
5/27/2006,147,BEPA-04,45,BB,100,-99,-99,-99,-99,-99,-99,-99,-99,-99,-99, 
5/27/2006,147,COAL-03,46,BB,100,-99,-99,-99,-99,-99,-99,-99,-99,-99,-99,flwrs VS
5/27/2006,147,FRAM-02,47,BB,100,BB,100,100,ND,-99,-99,30,0,0,0,flwrs past
5/27/2006,147,FAGR-04,48,BB,100,ND,0,0,ND,16,8,70,40,0,0,
5/27/2006,147,QUAL-03,49,BB,100,ND,0,0,ND,0,-99,15,0,0,0,
5/27/2006,147,ACSA-02,50,BB,100,ND,0,0,ND,15,15,73,65,5,0,
5/27/2006,147,FRAM-03,51,BB,100,ND,0,0,ND,14,-99,28,0,0,0,
5/27/2006,147,POTR-04,52,BB,100,-99,-99,-99,-99,-99,-99,-99,-99,-99,-99,
5/27/2006,147,ACSA-03,53,BB,100,BB,100,100,ND,-99,-99,70,60,0,0,fruit developing
5/27/2006,147,PRSE-04,54,BB,100,-99,-99,-99,-99,-99,-99,-99,-99,-99,-99,
5/27/2006,147,QURU-04,55,BB,100,BB,100,100,ND,-99,-99,43,0,0,0, 
5/27/2006,147,ACRU-05,56,BB,100,BB,100,100,F,11,12,75,40,0,S,fruit still on up to ~2cm
5/27/2006,147,FRAM-04,57,BB,100,BB,100,100,M,13,-99,18,0,0,0,flwrs past
5/27/2006,147,POTR-02,58,BB,100,-99,-99,-99,-99,-99,-99,-99,-99,-99,-99,fruit still on/some falling?
6/1/2006,152,AMSP-01,1,BB,100,-99,-99,-99,-99,-99,-99,-99,-99,-99,-99, 
6/1/2006,152,FRAM-01,2,BB,100,ND,0,0,ND,-99,-99,50,0,0,0,
6/1/2006,152,PRSE-01,3,BB,100,-99,-99,-99,-99,-99,-99,-99,-99,-99,-99,
6/1/2006,152,ACRU-01,4,BB,100,BB,100,100,M,-99,-99,63,60,10,S,
6/1/2006,152,COAL-01,5,BB,100,-99,-99,-99,-99,-99,-99,-99,-99,-99,-99,flwrs starting to open
6/1/2006,152,AMSP-02,6,BB,100,-99,-99,-99,-99,-99,-99,-99,-99,-99,-99, 
6/1/2006,152,ACSA-01,7,BB,100,ND,0,0,ND,13,15,83,80,20,F,
6/1/2006,152,BELE-01,8,BB,100,-99,-99,-99,-99,-99,-99,-99,-99,-99,-99,catkins gone
6/1/2006,152,BEAL-01,9,BB,100,BB,100,100,ND,12,7,80,80,35,M,catkins gone
6/1/2006,152,COAL-04,10,-99,-99,-99,-99,-99,-99,-99,-99,-99,-99,-99,-99,dead
6/1/2006,152,QURU-01,11,BB,100,BB,100,100,ND,-99,-99,60,35,0,0, 
6/1/2006,152,QUAL-05,12,BB,100,ND,0,0,ND,20,12,53,15,0,0,new tree 2005
6/1/2006,152,FAGR-01,13,BB,100,ND,0,0,ND,18,9,70,65,5,0,
6/1/2006,152,ACPE-01,14,BB,100,BB,100,100,M,20,18,83,80,25,S,
6/1/2006,152,QUVE-01,15,BB,100,-99,-99,-99,-99,-99,-99,-99,-99,-99,-99,flwrs fallen
6/1/2006,152,BEPA-01,16,BB,100,-99,-99,-99,-99,-99,-99,-99,-99,-99,-99,catkins gone
6/1/2006,152,CRSP-01,17,BB,100,-99,-99,-99,-99,-99,-99,-99,-99,-99,-99,
6/1/2006,152,ACRU-02,18,BB,100,BB,100,100,M,-99,-99,70,70,20,S,
6/1/2006,152,ACPE-02,19,BB,100,BB,100,90,M,20,20,70,75,25,M, 
6/1/2006,152,FAGR-05,20,BB,100,ND,0,0,ND,15,7,78,75,15,0,
6/1/2006,152,ACPE-03,21,BB,100,BB,100,100,M,19,19,80,80,20,S, 
6/1/2006,152,HAVI-01,22,BB,100,ND,0,0,ND,13,9,75,75,25,0,
6/1/2006,152,BEAL-02,23,BB,100,BB,100,100,ND,9,5,80,80,25,0,catkins fallen
6/1/2006,152,BELE-02,24,BB,100,-99,-99,-99,-99,-99,-99,-99,-99,-99,-99,
6/1/2006,152,FAGR-06,25,BB,100,ND,0,0,ND,-99,-99,78,75,10,0,new tree fall 2004
6/1/2006,152,AMSP-03,26,BB,100,-99,-99,-99,-99,-99,-99,-99,-99,-99,-99,
6/1/2006,152,BEAL-03,27,BB,100,BB,100,100,ND,10,6,83,80,30,F, 
6/1/2006,152,HAVI-02,28,BB,100,ND,0,0,ND,11,9,85,80,60,F,
6/1/2006,152,QURU-02,29,BB,100,ND,0,0,ND,-99,-99,55,30,0,0,
6/1/2006,152,ACRU-03,30,BB,100,BB,100,100,M,-99,-99,70,75,10,0,
6/1/2006,152,ACPE-04,31,BB,100,ND,0,0,ND,15,17,78,75,15,0,no flwrs
6/1/2006,152,QUVE-02,32,BB,100,-99,-99,-99,-99,-99,-99,-99,-99,-99,-99,
6/1/2006,152,ACRU-04,33,BB,100,BB,100,100,M,13,15,83,80,45,S,
6/1/2006,152,QUAL-02,34,BB,100,ND,0,0,ND,-99,-99,33,0,0,0,
6/1/2006,152,CRSP-03,35,BB,100,-99,-99,-99,-99,-99,-99,-99,-99,-99,-99,
6/1/2006,152,BELE-03,36,BB,100,-99,-99,-99,-99,-99,-99,-99,-99,-99,-99,catkins gone
6/1/2006,152,HAVI-03,37,BB,100,ND,0,0,ND,12,8,83,80,50,S,
6/1/2006,152,QUVE-03,38,BB,100,-99,-99,-99,-99,-99,-99,-99,-99,-99,-99, 
6/1/2006,152,QUVE-04,39,BB,100,-99,-99,-99,-99,-99,-99,-99,-99,-99,-99,
6/1/2006,152,QURU-03,40,BB,100,BB,100,100,ND,-99,-99,78,75,15,0,leaves eaten
6/1/2006,152,CRSP-02,41,BB,100,-99,-99,-99,-99,-99,-99,-99,-99,-99,-99,
6/1/2006,152,PRSE-02,42,BB,100,-99,-99,-99,-99,-99,-99,-99,-99,-99,-99,
6/1/2006,152,BEPA-02,43,BB,100,-99,-99,-99,-99,-99,-99,-99,-99,-99,-99,
6/1/2006,152,BEPA-03,44,BB,100,-99,-99,-99,-99,-99,-99,-99,-99,-99,-99,
6/1/2006,152,BEPA-04,45,BB,100,-99,-99,-99,-99,-99,-99,-99,-99,-99,-99, 
6/1/2006,152,COAL-03,46,BB,100,-99,-99,-99,-99,-99,-99,-99,-99,-99,-99,flwrs starting to open
6/1/2006,152,FRAM-02,47,BB,100,BB,100,100,ND,-99,-99,70,40,0,0, 
6/1/2006,152,FAGR-04,48,BB,100,ND,0,0,ND,16,8,85,80,55,0,
6/1/2006,152,QUAL-03,49,BB,100,ND,0,0,ND,15,11,60,25,0,0,
6/1/2006,152,ACSA-02,50,BB,100,ND,0,0,ND,15,15,93,80,80,0,
6/1/2006,152,FRAM-03,51,BB,100,ND,0,0,ND,19,-99,43,0,0,0,
6/1/2006,152,POTR-04,52,BB,100,-99,-99,-99,-99,-99,-99,-99,-99,-99,-99,
6/1/2006,152,ACSA-03,53,BB,100,BB,100,100,ND,-99,-99,85,80,70,F, 
6/1/2006,152,PRSE-04,54,BB,100,-99,-99,-99,-99,-99,-99,-99,-99,-99,-99,
6/1/2006,152,QURU-04,55,BB,100,BB,100,100,ND,-99,-99,80,80,35,0, 
6/1/2006,152,ACRU-05,56,BB,100,BB,100,100,F,12,13,83,80,45,M,fruit ~50% fallen
6/1/2006,152,FRAM-04,57,BB,100,BB,100,100,M,27,-99,50,0,0,0, 
6/1/2006,152,POTR-02,58,BB,100,-99,-99,-99,-99,-99,-99,-99,-99,-99,-99,fruit gone?
6/6/2006,157,AMSP-01,1,BB,100,-99,-99,-99,-99,-99,-99,-99,-99,-99,-99, 
6/6/2006,157,FRAM-01,2,BB,100,ND,0,0,ND,-99,-99,78,80,20,0,
6/6/2006,157,PRSE-01,3,BB,100,-99,-99,-99,-99,-99,-99,-99,-99,-99,-99,
6/6/2006,157,ACRU-01,4,BB,100,BB,100,100,M,-99,-99,70,75,35,S,
6/6/2006,157,COAL-01,5,BB,100,-99,-99,-99,-99,-99,-99,-99,-99,-99,-99,most flwrs open
6/6/2006,157,AMSP-02,6,BB,100,-99,-99,-99,-99,-99,-99,-99,-99,-99,-99, 
6/6/2006,157,ACSA-01,7,BB,100,ND,0,0,ND,13,15,90,80,80,F,
6/6/2006,157,BELE-01,8,BB,100,-99,-99,-99,-99,-99,-99,-99,-99,-99,-99, 
6/6/2006,157,BEAL-01,9,BB,100,BB,100,100,ND,12,7,88,80,75,S, 
6/6/2006,157,COAL-04,10,-99,-99,-99,-99,-99,-99,-99,-99,-99,-99,-99,-99,dead
6/6/2006,157,QURU-01,11,BB,100,BB,100,100,ND,-99,-99,70,75,15,F, 
6/6/2006,157,QUAL-05,12,BB,100,ND,0,0,ND,20,13,67,65,5,0,new tree 2005
6/6/2006,157,FAGR-01,13,BB,100,ND,0,0,ND,17,8,83,80,40,0,
6/6/2006,157,ACPE-01,14,BB,100,BB,100,100,M,20,18,83,80,50,S,
6/6/2006,157,QUVE-01,15,BB,100,-99,-99,-99,-99,-99,-99,-99,-99,-99,-99, 
6/6/2006,157,BEPA-01,16,BB,100,-99,-99,-99,-99,-99,-99,-99,-99,-99,-99, 
6/6/2006,157,CRSP-01,17,BB,100,-99,-99,-99,-99,-99,-99,-99,-99,-99,-99,
6/6/2006,157,ACRU-02,18,BB,100,BB,100,100,M,-99,-99,78,80,45,S,
6/6/2006,157,ACPE-02,19,BB,100,BB,100,100,M,20,20,80,80,45,M, 
6/6/2006,157,FAGR-05,20,BB,100,ND,0,0,ND,15,7,85,80,60,0,
6/6/2006,157,ACPE-03,21,BB,100,BB,100,100,M,20,20,90,80,75,F, 
6/6/2006,157,HAVI-01,22,BB,100,ND,0,0,ND,13,9,83,80,50,0,
6/6/2006,157,BEAL-02,23,BB,100,BB,100,100,ND,9,5,78,80,60,0, 
6/6/2006,157,BELE-02,24,BB,100,-99,-99,-99,-99,-99,-99,-99,-99,-99,-99,
6/6/2006,157,FAGR-06,25,BB,100,ND,0,0,ND,-99,-99,95,80,95,0,new tree fall 2004
6/6/2006,157,AMSP-03,26,BB,100,-99,-99,-99,-99,-99,-99,-99,-99,-99,-99,
6/6/2006,157,BEAL-03,27,BB,100,BB,100,100,ND,10,6,80,80,55,S, 
6/6/2006,157,HAVI-02,28,BB,100,ND,0,0,ND,12,9,95,80,95,F,
6/6/2006,157,QURU-02,29,BB,100,ND,0,0,ND,-99,-99,80,80,25,0,
6/6/2006,157,ACRU-03,30,BB,100,BB,100,100,M,-99,-99,85,80,70,F,
6/6/2006,157,ACPE-04,31,BB,100,ND,0,0,ND,17,18,83,80,35,0, 
6/6/2006,157,QUVE-02,32,BB,100,-99,-99,-99,-99,-99,-99,-99,-99,-99,-99,
6/6/2006,157,ACRU-04,33,BB,100,BB,100,100,M,13,15,88,80,75,S,
6/6/2006,157,QUAL-02,34,BB,100,ND,0,0,ND,14,10,60,30,0,0,
6/6/2006,157,CRSP-03,35,BB,100,-99,-99,-99,-99,-99,-99,-99,-99,-99,-99,
6/6/2006,157,BELE-03,36,BB,100,-99,-99,-99,-99,-99,-99,-99,-99,-99,-99, 
6/6/2006,157,HAVI-03,37,BB,100,ND,0,0,ND,12,8,85,80,70,S,
6/6/2006,157,QUVE-03,38,BB,100,-99,-99,-99,-99,-99,-99,-99,-99,-99,-99, 
6/6/2006,157,QUVE-04,39,BB,100,-99,-99,-99,-99,-99,-99,-99,-99,-99,-99,
6/6/2006,157,QURU-03,40,BB,100,BB,100,100,ND,-99,-99,83,80,60,0,leaves eaten
6/6/2006,157,CRSP-02,41,BB,100,-99,-99,-99,-99,-99,-99,-99,-99,-99,-99,
6/6/2006,157,PRSE-02,42,BB,100,-99,-99,-99,-99,-99,-99,-99,-99,-99,-99,
6/6/2006,157,BEPA-02,43,BB,100,-99,-99,-99,-99,-99,-99,-99,-99,-99,-99,
6/6/2006,157,BEPA-03,44,BB,100,-99,-99,-99,-99,-99,-99,-99,-99,-99,-99,
6/6/2006,157,BEPA-04,45,BB,100,-99,-99,-99,-99,-99,-99,-99,-99,-99,-99, 
6/6/2006,157,COAL-03,46,BB,100,-99,-99,-99,-99,-99,-99,-99,-99,-99,-99,many flwrs open
6/6/2006,157,FRAM-02,47,BB,100,BB,100,100,ND,-99,-99,85,80,50,0, 
6/6/2006,157,FAGR-04,48,BB,100,ND,0,0,ND,18,8,95,80,95,0,
6/6/2006,157,QUAL-03,49,BB,100,ND,0,0,ND,21,15,65,75,0,0,
6/6/2006,157,ACSA-02,50,BB,100,ND,0,0,ND,15,15,98,80,97,0,
6/6/2006,157,FRAM-03,51,BB,100,ND,0,0,ND,20,-99,73,70,0,0,tree dying from shade?
6/6/2006,157,POTR-04,52,BB,100,-99,-99,-99,-99,-99,-99,-99,-99,-99,-99,
6/6/2006,157,ACSA-03,53,BB,100,BB,100,100,ND,-99,-99,95,80,95,0, 
6/6/2006,157,PRSE-04,54,BB,100,-99,-99,-99,-99,-99,-99,-99,-99,-99,-99,
6/6/2006,157,QURU-04,55,BB,100,BB,100,100,ND,-99,-99,83,80,65,0, 
6/6/2006,157,ACRU-05,56,BB,100,BB,100,100,F,12,13,90,80,75,M,most fruit gone
6/6/2006,157,FRAM-04,57,BB,100,BB,100,100,M,34,-99,65,65,0,S, 
6/6/2006,157,POTR-02,58,BB,100,-99,-99,-99,-99,-99,-99,-99,-99,-99,-99,fruit gone?
6/13/2006,164,AMSP-01,1,BB,100,-99,-99,-99,-99,-99,-99,-99,-99,-99,-99, 
6/13/2006,164,FRAM-01,2,BB,100,ND,0,0,ND,-99,-99,83,80,40,0,
6/13/2006,164,PRSE-01,3,BB,100,-99,-99,-99,-99,-99,-99,-99,-99,-99,-99,
6/13/2006,164,ACRU-01,4,BB,100,BB,100,100,M,-99,-99,90,80,85,M,
6/13/2006,164,COAL-01,5,BB,100,-99,-99,-99,-99,-99,-99,-99,-99,-99,-99, 
6/13/2006,164,AMSP-02,6,BB,100,-99,-99,-99,-99,-99,-99,-99,-99,-99,-99, 
6/13/2006,164,ACSA-01,7,BB,100,ND,0,0,ND,13,15,98,80,97,0,
6/13/2006,164,BELE-01,8,BB,100,-99,-99,-99,-99,-99,-99,-99,-99,-99,-99, 
6/13/2006,164,BEAL-01,9,BB,100,BB,100,100,ND,12,7,95,80,95,S, 
6/13/2006,164,COAL-04,10,-99,-99,-99,-99,-99,-99,-99,-99,-99,-99,-99,-99,dead
6/13/2006,164,QURU-01,11,BB,100,BB,100,100,ND,-99,-99,80,80,55,F, 
6/13/2006,164,QUAL-05,12,BB,100,ND,0,0,ND,20,12,85,80,55,0,new tree 2005
6/13/2006,164,FAGR-01,13,BB,100,ND,0,0,ND,17,8,95,80,95,0,
6/13/2006,164,ACPE-01,14,BB,100,BB,100,100,M,19,18,93,80,85,F,
6/13/2006,164,QUVE-01,15,BB,100,-99,-99,-99,-99,-99,-99,-99,-99,-99,-99, 
6/13/2006,164,BEPA-01,16,BB,100,-99,-99,-99,-99,-99,-99,-99,-99,-99,-99, 
6/13/2006,164,CRSP-01,17,BB,100,-99,-99,-99,-99,-99,-99,-99,-99,-99,-99,
6/13/2006,164,ACRU-02,18,BB,100,BB,100,100,M,-99,-99,93,80,90,M,
6/13/2006,164,ACPE-02,19,BB,100,BB,100,100,M,20,20,93,80,85,M, 
6/13/2006,164,FAGR-05,20,BB,100,ND,0,0,ND,14,7,98,80,97,0,
6/13/2006,164,ACPE-03,21,BB,100,BB,100,100,M,20,20,95,80,95,F, 
6/13/2006,164,HAVI-01,22,BB,100,ND,0,0,ND,13,10,95,80,95,0,
6/13/2006,164,BEAL-02,23,BB,100,BB,100,100,ND,9,5,93,80,92,F, 
6/13/2006,164,BELE-02,24,BB,100,-99,-99,-99,-99,-99,-99,-99,-99,-99,-99,
6/13/2006,164,FAGR-06,25,BB,100,ND,0,0,ND,-99,-99,98,80,97,0,new tree fall 2004
6/13/2006,164,AMSP-03,26,BB,100,-99,-99,-99,-99,-99,-99,-99,-99,-99,-99,
6/13/2006,164,BEAL-03,27,BB,100,BB,100,100,ND,9,6,90,80,85,M, 
6/13/2006,164,HAVI-02,28,BB,100,ND,0,0,ND,11,9,98,80,97,F,
6/13/2006,164,QURU-02,29,BB,100,ND,0,0,ND,-99,-99,83,80,60,0,
6/13/2006,164,ACRU-03,30,BB,100,BB,100,100,M,-99,-99,95,80,92,S,
6/13/2006,164,ACPE-04,31,BB,100,ND,0,0,ND,18,18,90,80,75,0, 
6/13/2006,164,QUVE-02,32,BB,100,-99,-99,-99,-99,-99,-99,-99,-99,-99,-99,
6/13/2006,164,ACRU-04,33,BB,100,BB,100,100,M,13,15,95,80,95,F,
6/13/2006,164,QUAL-02,34,BB,100,ND,0,0,ND,16,11,75,75,0,0,
6/13/2006,164,CRSP-03,35,BB,100,-99,-99,-99,-99,-99,-99,-99,-99,-99,-99,
6/13/2006,164,BELE-03,36,BB,100,-99,-99,-99,-99,-99,-99,-99,-99,-99,-99, 
6/13/2006,164,HAVI-03,37,BB,100,ND,0,0,ND,12,8,96,80,95,F,
6/13/2006,164,QUVE-03,38,BB,100,-99,-99,-99,-99,-99,-99,-99,-99,-99,-99, 
6/13/2006,164,QUVE-04,39,BB,100,-99,-99,-99,-99,-99,-99,-99,-99,-99,-99,
6/13/2006,164,QURU-03,40,BB,100,BB,100,100,ND,-99,-99,90,80,85,0,leaves eaten
6/13/2006,164,CRSP-02,41,BB,100,-99,-99,-99,-99,-99,-99,-99,-99,-99,-99,
6/13/2006,164,PRSE-02,42,BB,100,-99,-99,-99,-99,-99,-99,-99,-99,-99,-99,
6/13/2006,164,BEPA-02,43,BB,100,-99,-99,-99,-99,-99,-99,-99,-99,-99,-99,
6/13/2006,164,BEPA-03,44,BB,100,-99,-99,-99,-99,-99,-99,-99,-99,-99,-99,
6/13/2006,164,BEPA-04,45,BB,100,-99,-99,-99,-99,-99,-99,-99,-99,-99,-99, 
6/13/2006,164,COAL-03,46,BB,100,-99,-99,-99,-99,-99,-99,-99,-99,-99,-99, 
6/13/2006,164,FRAM-02,47,BB,100,BB,100,100,ND,-99,-99,90,80,80,0, 
6/13/2006,164,FAGR-04,48,BB,100,ND,0,0,ND,18,8,98,80,97,0,
6/13/2006,164,QUAL-03,49,BB,100,ND,0,0,ND,20,14,85,80,60,0,
6/13/2006,164,ACSA-02,50,BB,100,ND,0,0,ND,15,15,100,80,97,0,
6/13/2006,164,FRAM-03,51,BB,100,ND,0,0,ND,21,-99,83,80,50,0,tree dying from shade?
6/13/2006,164,POTR-04,52,BB,100,-99,-99,-99,-99,-99,-99,-99,-99,-99,-99,
6/13/2006,164,ACSA-03,53,BB,100,BB,100,100,ND,-99,-99,98,80,97,F, 
6/13/2006,164,PRSE-04,54,BB,100,-99,-99,-99,-99,-99,-99,-99,-99,-99,-99,
6/13/2006,164,QURU-04,55,BB,100,BB,100,100,ND,-99,-99,95,80,95,0, 
6/13/2006,164,ACRU-05,56,BB,100,BB,100,100,F,12,12,95,80,97,M,fruit gone 
6/13/2006,164,FRAM-04,57,BB,100,BB,100,100,M,36,-99,80,80,45,F, 
6/13/2006,164,POTR-02,58,BB,100,-99,-99,-99,-99,-99,-99,-99,-99,-99,-99, 
6/19/2006,170,AMSP-01,1,BB,100,-99,-99,-99,-99,-99,-99,-99,-99,-99,-99, 
6/19/2006,170,FRAM-01,2,BB,100,ND,0,0,ND,-99,-99,95,80,95,0,
6/19/2006,170,PRSE-01,3,BB,100,-99,-99,-99,-99,-99,-99,-99,-99,-99,-99,
6/19/2006,170,ACRU-01,4,BB,100,BB,100,100,M,-99,-99,96,80,97,M,
6/19/2006,170,COAL-01,5,BB,100,-99,-99,-99,-99,-99,-99,-99,-99,-99,-99, 
6/19/2006,170,AMSP-02,6,BB,100,-99,-99,-99,-99,-99,-99,-99,-99,-99,-99, 
6/19/2006,170,ACSA-01,7,BB,100,ND,0,0,ND,13,15,98,80,97,0,
6/19/2006,170,BELE-01,8,BB,100,-99,-99,-99,-99,-99,-99,-99,-99,-99,-99, 
6/19/2006,170,BEAL-01,9,BB,100,BB,100,100,ND,12,7,98,80,97,M, 
6/19/2006,170,COAL-04,10,-99,-99,-99,-99,-99,-99,-99,-99,-99,-99,-99,-99,dead
6/19/2006,170,QURU-01,11,BB,100,BB,100,100,ND,-99,-99,93,80,90,0, 
6/19/2006,170,QUAL-05,12,BB,100,ND,0,0,ND,20,12,95,80,95,0,new tree 2005
6/19/2006,170,FAGR-01,13,BB,100,ND,0,0,ND,17,8,96,80,95,0,
6/19/2006,170,ACPE-01,14,BB,100,BB,100,100,M,19,18,96,80,97,S,
6/19/2006,170,QUVE-01,15,BB,100,-99,-99,-99,-99,-99,-99,-99,-99,-99,-99, 
6/19/2006,170,BEPA-01,16,BB,100,-99,-99,-99,-99,-99,-99,-99,-99,-99,-99, 
6/19/2006,170,CRSP-01,17,BB,100,-99,-99,-99,-99,-99,-99,-99,-99,-99,-99,
6/19/2006,170,ACRU-02,18,BB,100,BB,100,100,M,-99,-99,98,80,97,S,
6/19/2006,170,ACPE-02,19,BB,100,BB,100,100,M,20,20,96,80,97,S, 
6/19/2006,170,FAGR-05,20,BB,100,ND,0,0,ND,14,7,98,80,97,0,
6/19/2006,170,ACPE-03,21,BB,100,BB,100,100,M,20,20,98,80,97,F, 
6/19/2006,170,HAVI-01,22,BB,100,ND,0,0,ND,13,10,96,80,97,F,
6/19/2006,170,BEAL-02,23,BB,100,BB,100,100,ND,9,5,98,80,97,F, 
6/19/2006,170,BELE-02,24,BB,100,-99,-99,-99,-99,-99,-99,-99,-99,-99,-99,
6/19/2006,170,FAGR-06,25,BB,100,ND,0,0,ND,-99,-99,99,80,97,0,new tree fall 2004
6/19/2006,170,AMSP-03,26,BB,100,-99,-99,-99,-99,-99,-99,-99,-99,-99,-99,
6/19/2006,170,BEAL-03,27,BB,100,BB,100,100,ND,9,6,96,80,97,M, 
6/19/2006,170,HAVI-02,28,BB,100,ND,0,0,ND,11,9,99,80,97,F,
6/19/2006,170,QURU-02,29,BB,100,ND,0,0,ND,-99,-99,95,80,95,0,
6/19/2006,170,ACRU-03,30,BB,100,BB,100,100,M,-99,-99,98,80,97,S,
6/19/2006,170,ACPE-04,31,BB,100,ND,0,0,ND,18,18,95,80,95,0, 
6/19/2006,170,QUVE-02,32,BB,100,-99,-99,-99,-99,-99,-99,-99,-99,-99,-99,
6/19/2006,170,ACRU-04,33,BB,100,BB,100,100,M,13,15,98,80,97,S,
6/19/2006,170,QUAL-02,34,BB,100,ND,0,0,ND,16,11,93,80,85,0,
6/19/2006,170,CRSP-03,35,BB,100,-99,-99,-99,-99,-99,-99,-99,-99,-99,-99,
6/19/2006,170,BELE-03,36,BB,100,-99,-99,-99,-99,-99,-99,-99,-99,-99,-99, 
6/19/2006,170,HAVI-03,37,BB,100,ND,0,0,ND,12,8,98,80,97,S,
6/19/2006,170,QUVE-03,38,BB,100,-99,-99,-99,-99,-99,-99,-99,-99,-99,-99, 
6/19/2006,170,QUVE-04,39,BB,100,-99,-99,-99,-99,-99,-99,-99,-99,-99,-99,
6/19/2006,170,QURU-03,40,BB,100,BB,100,100,ND,-99,-99,98,80,97,0,leaves eaten
6/19/2006,170,CRSP-02,41,BB,100,-99,-99,-99,-99,-99,-99,-99,-99,-99,-99,
6/19/2006,170,PRSE-02,42,BB,100,-99,-99,-99,-99,-99,-99,-99,-99,-99,-99,
6/19/2006,170,BEPA-02,43,BB,100,-99,-99,-99,-99,-99,-99,-99,-99,-99,-99,
6/19/2006,170,BEPA-03,44,BB,100,-99,-99,-99,-99,-99,-99,-99,-99,-99,-99,
6/19/2006,170,BEPA-04,45,BB,100,-99,-99,-99,-99,-99,-99,-99,-99,-99,-99, 
6/19/2006,170,COAL-03,46,BB,100,-99,-99,-99,-99,-99,-99,-99,-99,-99,-99, 
6/19/2006,170,FRAM-02,47,BB,100,BB,100,100,ND,-99,-99,98,80,97,0, 
6/19/2006,170,FAGR-04,48,BB,100,ND,0,0,ND,18,8,99,80,97,0,
6/19/2006,170,QUAL-03,49,BB,100,ND,0,0,ND,20,14,96,80,97,0,
6/19/2006,170,ACSA-02,50,BB,100,ND,0,0,ND,15,15,100,80,97,0,
6/19/2006,170,FRAM-03,51,BB,100,ND,0,0,ND,21,-99,96,80,97,0,tree dying from shade?
6/19/2006,170,POTR-04,52,BB,100,-99,-99,-99,-99,-99,-99,-99,-99,-99,-99,
6/19/2006,170,ACSA-03,53,BB,100,BB,100,100,ND,-99,-99,99,80,97,0, 
6/19/2006,170,PRSE-04,54,BB,100,-99,-99,-99,-99,-99,-99,-99,-99,-99,-99,
6/19/2006,170,QURU-04,55,BB,100,BB,100,100,ND,-99,-99,98,80,97,0, 
6/19/2006,170,ACRU-05,56,BB,100,BB,100,100,F,12,12,98,80,97,M,fruit gone 
6/19/2006,170,FRAM-04,57,BB,100,BB,100,100,M,36,-99,88,80,90,S, 
6/19/2006,170,POTR-02,58,BB,100,-99,-99,-99,-99,-99,-99,-99,-99,-99,-99, 
6/27/2006,178,AMSP-01,1,BB,100,-99,-99,-99,-99,-99,-99,-99,-99,-99,-99, 
6/27/2006,178,FRAM-01,2,BB,100,ND,0,0,ND,-99,-99,98,80,97,0,
6/27/2006,178,PRSE-01,3,BB,100,-99,-99,-99,-99,-99,-99,-99,-99,-99,-99,
6/27/2006,178,ACRU-01,4,BB,100,BB,100,100,M,-99,-99,98,80,97,M,
6/27/2006,178,COAL-01,5,BB,100,-99,-99,-99,-99,-99,-99,-99,-99,-99,-99, 
6/27/2006,178,AMSP-02,6,BB,100,-99,-99,-99,-99,-99,-99,-99,-99,-99,-99, 
6/27/2006,178,ACSA-01,7,BB,100,ND,0,0,ND,13,15,100,80,97,0,
6/27/2006,178,BELE-01,8,BB,100,-99,-99,-99,-99,-99,-99,-99,-99,-99,-99, 
6/27/2006,178,BEAL-01,9,BB,100,BB,100,100,ND,12,7,98,80,97,M, 
6/27/2006,178,COAL-04,10,-99,-99,-99,-99,-99,-99,-99,-99,-99,-99,-99,-99,dead
6/27/2006,178,QURU-01,11,BB,100,BB,100,100,ND,-99,-99,98,80,97,0, 
6/27/2006,178,QUAL-05,12,BB,100,ND,0,0,ND,20,12,100,80,97,0,new tree 2005
6/27/2006,178,FAGR-01,13,BB,100,ND,0,0,ND,17,8,100,80,97,0,
6/27/2006,178,ACPE-01,14,BB,100,BB,100,100,M,19,18,98,80,97,S,
6/27/2006,178,QUVE-01,15,BB,100,-99,-99,-99,-99,-99,-99,-99,-99,-99,-99, 
6/27/2006,178,BEPA-01,16,BB,100,-99,-99,-99,-99,-99,-99,-99,-99,-99,-99, 
6/27/2006,178,CRSP-01,17,BB,100,-99,-99,-99,-99,-99,-99,-99,-99,-99,-99,
6/27/2006,178,ACRU-02,18,BB,100,BB,100,100,M,-99,-99,99,80,97,S,
6/27/2006,178,ACPE-02,19,BB,100,BB,100,100,M,20,20,98,80,97,F, 
6/27/2006,178,FAGR-05,20,BB,100,ND,0,0,ND,14,7,100,80,97,0,
6/27/2006,178,ACPE-03,21,BB,100,BB,100,100,M,20,20,99,80,97,F, 
6/27/2006,178,HAVI-01,22,BB,100,ND,0,0,ND,13,10,100,80,97,0,
6/27/2006,178,BEAL-02,23,BB,100,BB,100,100,ND,9,5,99,80,97,0, 
6/27/2006,178,BELE-02,24,BB,100,-99,-99,-99,-99,-99,-99,-99,-99,-99,-99,
6/27/2006,178,FAGR-06,25,BB,100,ND,0,0,ND,-99,-99,100,80,97,0,new tree fall 2004
6/27/2006,178,AMSP-03,26,BB,100,-99,-99,-99,-99,-99,-99,-99,-99,-99,-99,
6/27/2006,178,BEAL-03,27,BB,100,BB,100,100,ND,9,6,98,80,97,M, 
6/27/2006,178,HAVI-02,28,BB,100,ND,0,0,ND,11,9,99,80,97,F,
6/27/2006,178,QURU-02,29,BB,100,ND,0,0,ND,-99,-99,97,80,97,F,
6/27/2006,178,ACRU-03,30,BB,100,BB,100,100,M,-99,-99,99,80,97,F,
6/27/2006,178,ACPE-04,31,BB,100,ND,0,0,ND,18,18,98,80,97,0, 
6/27/2006,178,QUVE-02,32,BB,100,-99,-99,-99,-99,-99,-99,-99,-99,-99,-99,
6/27/2006,178,ACRU-04,33,BB,100,BB,100,100,M,13,15,99,80,97,0,
6/27/2006,178,QUAL-02,34,BB,100,ND,0,0,ND,16,11,96,80,97,0,
6/27/2006,178,CRSP-03,35,BB,100,-99,-99,-99,-99,-99,-99,-99,-99,-99,-99,
6/27/2006,178,BELE-03,36,BB,100,-99,-99,-99,-99,-99,-99,-99,-99,-99,-99, 
6/27/2006,178,HAVI-03,37,BB,100,ND,0,0,ND,12,8,99,80,97,F,
6/27/2006,178,QUVE-03,38,BB,100,-99,-99,-99,-99,-99,-99,-99,-99,-99,-99, 
6/27/2006,178,QUVE-04,39,BB,100,-99,-99,-99,-99,-99,-99,-99,-99,-99,-99,
6/27/2006,178,QURU-03,40,BB,100,BB,100,100,ND,-99,-99,98,80,97,0,leaves eaten
6/27/2006,178,CRSP-02,41,BB,100,-99,-99,-99,-99,-99,-99,-99,-99,-99,-99,
6/27/2006,178,PRSE-02,42,BB,100,-99,-99,-99,-99,-99,-99,-99,-99,-99,-99,
6/27/2006,178,BEPA-02,43,BB,100,-99,-99,-99,-99,-99,-99,-99,-99,-99,-99,
6/27/2006,178,BEPA-03,44,BB,100,-99,-99,-99,-99,-99,-99,-99,-99,-99,-99,
6/27/2006,178,BEPA-04,45,BB,100,-99,-99,-99,-99,-99,-99,-99,-99,-99,-99, 
6/27/2006,178,COAL-03,46,BB,100,-99,-99,-99,-99,-99,-99,-99,-99,-99,-99, 
6/27/2006,178,FRAM-02,47,BB,100,BB,100,100,ND,-99,-99,100,80,97,0, 
6/27/2006,178,FAGR-04,48,BB,100,ND,0,0,ND,18,8,100,80,97,0,
6/27/2006,178,QUAL-03,49,BB,100,ND,0,0,ND,20,14,99,80,97,0,
6/27/2006,178,ACSA-02,50,BB,100,ND,0,0,ND,15,15,100,80,97,0,
6/27/2006,178,FRAM-03,51,BB,100,ND,0,0,ND,21,-99,98,80,97,0,tree dying from shade?
6/27/2006,178,POTR-04,52,BB,100,-99,-99,-99,-99,-99,-99,-99,-99,-99,-99,
6/27/2006,178,ACSA-03,53,BB,100,BB,100,100,ND,-99,-99,100,80,97,0, 
6/27/2006,178,PRSE-04,54,BB,100,-99,-99,-99,-99,-99,-99,-99,-99,-99,-99,
6/27/2006,178,QURU-04,55,BB,100,BB,100,100,ND,-99,-99,98,80,97,0, 
6/27/2006,178,ACRU-05,56,BB,100,BB,100,100,F,12,12,99,80,97,M,fruit gone 
6/27/2006,178,FRAM-04,57,BB,100,BB,100,100,M,36,-99,95,80,95,F, 
6/27/2006,178,POTR-02,58,BB,100,-99,-99,-99,-99,-99,-99,-99,-99,-99,-99, 
