DATE,JULIAN,TREEID,CIRCUIT,BCON,BBRK,FBUD,FOPN,FPST,SEX,LENGTH,WIDTH,LFIN,L75,L95,TIP,COMMENTS
3/30/2004,90,AMSP-01,1,SS,0,-99,-99,-99,-99,-99,-99,-99,-99,-99,-99,
3/30/2004,90,FRAM-01,2,NS,0,ND,0,0,ND,0,-99,0,0,0,0,
3/30/2004,90,PRSE-01,3,MS,0,-99,-99,-99,-99,-99,-99,-99,-99,-99,-99,
3/30/2004,90,ACRU-01,4,SS,0,MS,0,0,ND,-99,-99,0,0,0,0,
3/30/2004,90,COAL-01,5,SS,0,-99,-99,-99,-99,-99,-99,-99,-99,-99,-99,
3/30/2004,90,AMSP-02,6,SS,0,-99,-99,-99,-99,-99,-99,-99,-99,-99,-99,
3/30/2004,90,ACSA-01,7,SS,0,ND,0,0,ND,0,0,0,0,0,0,
3/30/2004,90,BELE-01,8,SS,0,-99,-99,-99,-99,-99,-99,-99,-99,-99,-99,
3/30/2004,90,BEAL-01,9,SS,0,ND,0,0,ND,0,-99,0,0,0,0,
3/30/2004,90,COAL-04,10,-99,-99,-99,-99,-99,-99,-99,-99,-99,-99,-99,-99,dead
3/30/2004,90,QURU-01,11,NS,0,ND,0,0,ND,-99,-99,0,0,0,0,
3/30/2004,90,QUAL-04,12,NS,0,ND,0,0,ND,0,-99,0,0,0,0,
3/30/2004,90,FAGR-01,13,NS,0,-99,-99,-99,-99,-99,-99,-99,-99,-99,-99,
3/30/2004,90,ACPE-01,14,SS,0,ND,0,0,ND,0,0,0,0,0,0,
3/30/2004,90,QUVE-01,15,NS,0,-99,-99,-99,-99,-99,-99,-99,-99,-99,-99,
3/30/2004,90,BEPA-01,16,NS,0,-99,-99,-99,-99,-99,-99,-99,-99,-99,-99,
3/30/2004,90,CRSP-01,17,NS,0,-99,-99,-99,-99,-99,-99,-99,-99,-99,-99,
3/30/2004,90,ACRU-02,18,SS,0,MS,0,0,ND,0,0,0,0,0,0,
3/30/2004,90,ACPE-02,19,NS,0,ND,0,0,ND,0,0,0,0,0,0,
3/30/2004,90,FAGR-05,20,NS,0,-99,-99,-99,-99,-99,-99,-99,-99,-99,-99,
3/30/2004,90,ACPE-03,21,NS,0,ND,0,0,ND,0,0,0,0,0,0,
3/30/2004,90,HAVI-01,22,NS,0,ND,0,0,ND,0,-99,0,0,0,0,
3/30/2004,90,BEAL-02,23,NS,0,ND,0,0,ND,0,-99,0,0,0,0,
3/30/2004,90,BELE-02,24,NS,0,-99,-99,-99,-99,-99,-99,-99,-99,-99,-99,
3/30/2004,90,FAGR-03,25,-99,-99,-99,-99,-99,-99,-99,-99,-99,-99,-99,-99,dead-broken beech bark disease
3/30/2004,90,AMSP-03,26,SS,0,-99,-99,-99,-99,-99,-99,-99,-99,-99,-99,
3/30/2004,90,BEAL-03,27,NS,0,ND,0,0,ND,0,-99,0,0,0,0,
3/30/2004,90,HAVI-02,28,NS,0,ND,0,0,ND,0,-99,0,0,0,0,
3/30/2004,90,QURU-02,29,NS,0,ND,0,0,ND,-99,-99,0,0,0,0,
3/30/2004,90,ACRU-03,30,NS,0,SS,0,0,ND,-99,-99,0,0,0,0,
3/30/2004,90,ACPE-04,31,NS,0,ND,0,0,ND,0,0,0,0,0,0,
3/30/2004,90,QUVE-02,32,NS,0,-99,-99,-99,-99,-99,-99,-99,-99,-99,-99
3/30/2004,90,ACRU-04,33,SS,0,MS,0,0,ND,0,0,0,0,0,0
3/30/2004,90,QUAL-02,34,NS,0,ND,0,0,ND,0,-99,0,0,0,0
3/30/2004,90,CRSP-03,35,NS,0,-99,-99,-99,-99,-99,-99,-99,-99,-99,-99
3/30/2004,90,BELE-03,36,SS,0,-99,-99,-99,-99,-99,-99,-99,-99,-99,-99
3/30/2004,90,HAVI-03,37,NS,0,ND,0,0,ND,0,-99,0,0,0,0
3/30/2004,90,QUVE-03,38,NS,0,-99,-99,-99,-99,-99,-99,-99,-99,-99,-99
3/30/2004,90,QUVE-04,39,NS,0,-99,-99,-99,-99,-99,-99,-99,-99,-99,-99
3/30/2004,90,QURU-03,40,NS,0,ND,0,0,ND,-99,-99,0,0,0,0
3/30/2004,90,CRSP-02,41,NS,0,-99,-99,-99,-99,-99,-99,-99,-99,-99,-99
3/30/2004,90,PRSE-02,42,MS,0,-99,-99,-99,-99,-99,-99,-99,-99,-99,-99
3/30/2004,90,BEPA-02,43,NS,0,-99,-99,-99,-99,-99,-99,-99,-99,-99,-99
3/30/2004,90,BEPA-03,44,NS,0,-99,-99,-99,-99,-99,-99,-99,-99,-99,-99
3/30/2004,90,BEPA-04,45,NS,0,-99,-99,-99,-99,-99,-99,-99,-99,-99,-99
3/30/2004,90,COAL-03,46,SS,0,-99,-99,-99,-99,-99,-99,-99,-99,-99,-99
3/30/2004,90,FRAM-02,47,NS,0,ND,0,0,ND,-99,-99,0,0,0,0
3/30/2004,90,FAGR-04,48,NS,0,-99,-99,-99,-99,-99,-99,-99,-99,-99,-99,
3/30/2004,90,QUAL-03,49,NS,0,ND,0,0,ND,0,-99,0,0,0,0,
3/30/2004,90,ACSA-02,50,NS,0,ND,0,0,ND,0,0,0,0,0,0,
3/30/2004,90,FRAM-03,51,NS,0,ND,0,0,ND,0,-99,0,0,0,0,
3/30/2004,90,POTR-04,52,SS,0,-99,-99,-99,-99,-99,-99,-99,-99,-99,-99,flwrs past? Don't see
3/30/2004,90,ACSA-03,53,NS,0,ND,0,0,ND,-99,-99,0,0,0,0,
3/30/2004,90,PRSE-04,54,SS,0,-99,-99,-99,-99,-99,-99,-99,-99,-99,-99,
3/30/2004,90,QURU-04,55,NS,0,ND,0,0,ND,0,-99,0,0,0,0,
3/30/2004,90,ACRU-05,56,SS,0,MS,0,0,ND,0,0,0,0,0,0,
3/30/2004,90,FRAM-04,57,NS,0,ND,0,0,ND,0,-99,0,0,0,0,
3/30/2004,90,POTR-02,58,SS,0,-99,-99,-99,-99,-99,-99,-99,-99,-99,-99,flwrs vis but not open
4/7/2004,98,AMSP-01,1,SS,0,-99,-99,-99,-99,-99,-99,-99,-99,-99,-99,
4/7/2004,98,FRAM-01,2,NS,0,ND,0,0,ND,0,-99,0,0,0,0,
4/7/2004,98,PRSE-01,3,MS,0,-99,-99,-99,-99,-99,-99,-99,-99,-99,-99,
4/7/2004,98,ACRU-01,4,SS,0,MS,0,0,ND,-99,-99,0,0,0,0,
4/7/2004,98,COAL-01,5,MS,0,-99,-99,-99,-99,-99,-99,-99,-99,-99,-99,
4/7/2004,98,AMSP-02,6,SS,0,-99,-99,-99,-99,-99,-99,-99,-99,-99,-99,
4/7/2004,98,ACSA-01,7,NS,0,ND,0,0,ND,0,0,0,0,0,0,
4/7/2004,98,BELE-01,8,SS,0,-99,-99,-99,-99,-99,-99,-99,-99,-99,-99,catkins stiff
4/7/2004,98,BEAL-01,9,SS,0,ND,0,0,ND,0,-99,0,0,0,0,
4/7/2004,98,COAL-04,10,-99,-99,-99,-99,-99,-99,-99,-99,-99,-99,-99,-99,dead
4/7/2004,98,QURU-01,11,NS,0,ND,0,0,ND,-99,-99,0,0,0,0,
4/7/2004,98,QUAL-04,12,NS,0,ND,0,0,ND,0,-99,0,0,0,0,
4/7/2004,98,FAGR-01,13,NS,0,-99,-99,-99,-99,-99,-99,-99,-99,-99,-99,
4/7/2004,98,ACPE-01,14,MS,0,ND,0,0,ND,0,0,0,0,0,0,
4/7/2004,98,QUVE-01,15,NS,0,-99,-99,-99,-99,-99,-99,-99,-99,-99,-99,
4/7/2004,98,BEPA-01,16,SS,0,-99,-99,-99,-99,-99,-99,-99,-99,-99,-99,
4/7/2004,98,CRSP-01,17,SS,0,-99,-99,-99,-99,-99,-99,-99,-99,-99,-99,
4/7/2004,98,ACRU-02,18,SS,0,VS,0,0,ND,0,0,0,0,0,0,
4/7/2004,98,ACPE-02,19,SS,0,ND,0,0,ND,0,0,0,0,0,0,outer scales starting to split
4/7/2004,98,FAGR-05,20,NS,0,-99,-99,-99,-99,-99,-99,-99,-99,-99,-99,
4/7/2004,98,ACPE-03,21,NS,0,ND,0,0,ND,0,0,0,0,0,0,outer scales not split yet
4/7/2004,98,HAVI-01,22,NS,0,ND,0,0,ND,0,-99,0,0,0,0,
4/7/2004,98,BEAL-02,23,SS,0,ND,0,0,ND,0,-99,0,0,0,0,
4/7/2004,98,BELE-02,24,SS,0,-99,-99,-99,-99,-99,-99,-99,-99,-99,-99,
4/7/2004,98,FAGR-03,25,-99,-99,-99,-99,-99,-99,-99,-99,-99,-99,-99,-99,dead-broken beech bark disease
4/7/2004,98,AMSP-03,26,NS,0,-99,-99,-99,-99,-99,-99,-99,-99,-99,-99,
4/7/2004,98,BEAL-03,27,SS,0,ND,0,0,ND,0,-99,0,0,0,0,
4/7/2004,98,HAVI-02,28,SS,0,ND,0,0,ND,0,-99,0,0,0,0,
4/7/2004,98,QURU-02,29,NS,0,ND,0,0,ND,-99,-99,0,0,0,0,
4/7/2004,98,ACRU-03,30,SS,0,MS,0,0,ND,-99,-99,0,0,0,0,
4/7/2004,98,ACPE-04,31,SS,0,ND,0,0,ND,0,0,0,0,0,0,outer scales just starting to split
4/7/2004,98,QUVE-02,32,NS,0,-99,-99,-99,-99,-99,-99,-99,-99,-99,-99,
4/7/2004,98,ACRU-04,33,SS,0,MS,0,0,ND,0,0,0,0,0,0,
4/7/2004,98,QUAL-02,34,NS,0,ND,0,0,ND,0,-99,0,0,0,0,
4/7/2004,98,CRSP-03,35,SS,0,-99,-99,-99,-99,-99,-99,-99,-99,-99,-99,
4/7/2004,98,BELE-03,36,MS,0,-99,-99,-99,-99,-99,-99,-99,-99,-99,-99,
4/7/2004,98,HAVI-03,37,SS,0,ND,0,0,ND,0,-99,0,0,0,0,
4/7/2004,98,QUVE-03,38,NS,0,-99,-99,-99,-99,-99,-99,-99,-99,-99,-99,
4/7/2004,98,QUVE-04,39,NS,0,-99,-99,-99,-99,-99,-99,-99,-99,-99,-99,
4/7/2004,98,QURU-03,40,NS,0,ND,0,0,ND,-99,-99,0,0,0,0,
4/7/2004,98,CRSP-02,41,SS,0,-99,-99,-99,-99,-99,-99,-99,-99,-99,-99,
4/7/2004,98,PRSE-02,42,MS,0,-99,-99,-99,-99,-99,-99,-99,-99,-99,-99,
4/7/2004,98,BEPA-02,43,SS,0,-99,-99,-99,-99,-99,-99,-99,-99,-99,-99,
4/7/2004,98,BEPA-03,44,NS,0,-99,-99,-99,-99,-99,-99,-99,-99,-99,-99,
4/7/2004,98,BEPA-04,45,SS,0,-99,-99,-99,-99,-99,-99,-99,-99,-99,-99,
4/7/2004,98,COAL-03,46,SS,0,-99,-99,-99,-99,-99,-99,-99,-99,-99,-99,
4/7/2004,98,FRAM-02,47,NS,0,ND,0,0,ND,-99,-99,0,0,0,0,
4/7/2004,98,FAGR-04,48,NS,0,-99,-99,-99,-99,-99,-99,-99,-99,-99,-99,
4/7/2004,98,QUAL-03,49,NS,0,ND,0,0,ND,0,-99,0,0,0,0,
4/7/2004,98,ACSA-02,50,SS,0,ND,0,0,ND,0,0,0,0,0,0,
4/7/2004,98,FRAM-03,51,NS,0,ND,0,0,ND,0,-99,0,0,0,0,
4/7/2004,98,POTR-04,52,SS,0,-99,-99,-99,-99,-99,-99,-99,-99,-99,-99,flwrs past? Don't see
4/7/2004,98,ACSA-03,53,SS,0,ND,0,0,ND,-99,-99,0,0,0,0,
4/7/2004,98,PRSE-04,54,MS,0,-99,-99,-99,-99,-99,-99,-99,-99,-99,-99,
4/7/2004,98,QURU-04,55,NS,0,ND,0,0,ND,0,-99,0,0,0,0,
4/7/2004,98,ACRU-05,56,SS,0,VS,0,0,ND,0,0,0,0,0,0,
4/7/2004,98,FRAM-04,57,NS,0,ND,0,0,ND,0,-99,0,0,0,0,
4/7/2004,98,POTR-02,58,SS,0,-99,-99,-99,-99,-99,-99,-99,-99,-99,-99,F flwrs fuzzy gray-not dangling
4/12/2004,103,AMSP-01,1,SS,0,-99,-99,-99,-99,-99,-99,-99,-99,-99,-99,
4/12/2004,103,FRAM-01,2,NS,0,ND,0,0,ND,0,-99,0,0,0,0,
4/12/2004,103,PRSE-01,3,VS,0,-99,-99,-99,-99,-99,-99,-99,-99,-99,-99,
4/12/2004,103,ACRU-01,4,MS,0,VS,0,0,ND,-99,-99,0,0,0,0,
4/12/2004,103,COAL-01,5,VS,0,-99,-99,-99,-99,-99,-99,-99,-99,-99,-99,leaf tips just vis
4/12/2004,103,AMSP-02,6,MS,0,-99,-99,-99,-99,-99,-99,-99,-99,-99,-99,
4/12/2004,103,ACSA-01,7,SS,0,ND,0,0,ND,0,0,0,0,0,0,
4/12/2004,103,BELE-01,8,MS,0,-99,-99,-99,-99,-99,-99,-99,-99,-99,-99,
4/12/2004,103,BEAL-01,9,SS,0,ND,0,0,ND,0,-99,0,0,0,0,
4/12/2004,103,COAL-04,10,-99,-99,-99,-99,-99,-99,-99,-99,-99,-99,-99,-99,dead
4/12/2004,103,QURU-01,11,SS,0,ND,0,0,ND,-99,-99,0,0,0,0,
4/12/2004,103,QUAL-04,12,NS,0,ND,0,0,ND,0,-99,0,0,0,0,
4/12/2004,103,FAGR-01,13,NS,0,-99,-99,-99,-99,-99,-99,-99,-99,-99,-99,
4/12/2004,103,ACPE-01,14,MS,0,ND,0,0,ND,0,0,0,0,0,0,outer scales split-inner just emerging
4/12/2004,103,QUVE-01,15,NS,0,-99,-99,-99,-99,-99,-99,-99,-99,-99,-99,
4/12/2004,103,BEPA-01,16,SS,0,-99,-99,-99,-99,-99,-99,-99,-99,-99,-99,
4/12/2004,103,CRSP-01,17,SS,0,-99,-99,-99,-99,-99,-99,-99,-99,-99,-99,
4/12/2004,103,ACRU-02,18,MS,0,VS,0,0,ND,0,0,0,0,0,0,
4/12/2004,103,ACPE-02,19,SS,0,ND,0,0,ND,0,0,0,0,0,0,75% outer scales split
4/12/2004,103,FAGR-05,20,NS,0,-99,-99,-99,-99,-99,-99,-99,-99,-99,-99,
4/12/2004,103,ACPE-03,21,SS,0,ND,0,0,ND,0,0,0,0,0,0,10% outer scales split
4/12/2004,103,HAVI-01,22,NS,0,ND,0,0,ND,0,-99,0,0,0,0,
4/12/2004,103,BEAL-02,23,SS,0,ND,0,0,ND,0,-99,0,0,0,0,
4/12/2004,103,BELE-02,24,SS,0,-99,-99,-99,-99,-99,-99,-99,-99,-99,-99,
4/12/2004,103,FAGR-03,25,-99,-99,-99,-99,-99,-99,-99,-99,-99,-99,-99,-99,dead
4/12/2004,103,AMSP-03,26,SS,0,-99,-99,-99,-99,-99,-99,-99,-99,-99,-99,
4/12/2004,103,BEAL-03,27,SS,0,ND,0,0,ND,0,-99,0,0,0,0,
4/12/2004,103,HAVI-02,28,NS,0,ND,0,0,ND,0,-99,0,0,0,0,
4/12/2004,103,QURU-02,29,NS,0,ND,0,0,ND,-99,-99,0,0,0,0,
4/12/2004,103,ACRU-03,30,MS,0,VS,0,0,ND,-99,-99,0,0,0,0,
4/12/2004,103,ACPE-04,31,SS,0,ND,0,0,ND,0,0,0,0,0,0,outer scales just starting to split
4/12/2004,103,QUVE-02,32,NS,0,-99,-99,-99,-99,-99,-99,-99,-99,-99,-99,
4/12/2004,103,ACRU-04,33,SS,0,VS,0,0,ND,0,0,0,0,0,0,
4/12/2004,103,QUAL-02,34,NS,0,ND,0,0,ND,0,-99,0,0,0,0,
4/12/2004,103,CRSP-03,35,SS,0,-99,-99,-99,-99,-99,-99,-99,-99,-99,-99,
4/12/2004,103,BELE-03,36,MS,0,-99,-99,-99,-99,-99,-99,-99,-99,-99,-99,
4/12/2004,103,HAVI-03,37,NS,0,ND,0,0,ND,0,-99,0,0,0,0,
4/12/2004,103,QUVE-03,38,NS,0,-99,-99,-99,-99,-99,-99,-99,-99,-99,-99,
4/12/2004,103,QUVE-04,39,NS,0,-99,-99,-99,-99,-99,-99,-99,-99,-99,-99,
4/12/2004,103,QURU-03,40,SS,0,ND,0,0,ND,-99,-99,0,0,0,0,
4/12/2004,103,CRSP-02,41,SS,0,-99,-99,-99,-99,-99,-99,-99,-99,-99,-99,
4/12/2004,103,PRSE-02,42,VS,0,-99,-99,-99,-99,-99,-99,-99,-99,-99,-99,
4/12/2004,103,BEPA-02,43,SS,0,-99,-99,-99,-99,-99,-99,-99,-99,-99,-99,
4/12/2004,103,BEPA-03,44,SS,0,-99,-99,-99,-99,-99,-99,-99,-99,-99,-99,
4/12/2004,103,BEPA-04,45,SS,0,-99,-99,-99,-99,-99,-99,-99,-99,-99,-99,
4/12/2004,103,COAL-03,46,MS,0,-99,-99,-99,-99,-99,-99,-99,-99,-99,-99,leaf tips just emerging
4/12/2004,103,FRAM-02,47,NS,0,ND,0,0,ND,-99,-99,0,0,0,0,
4/12/2004,103,FAGR-04,48,NS,0,-99,-99,-99,-99,-99,-99,-99,-99,-99,-99,still ~10% old lvs on
4/12/2004,103,QUAL-03,49,NS,0,ND,0,0,ND,0,-99,0,0,0,0,
4/12/2004,103,ACSA-02,50,SS,0,ND,0,0,ND,0,0,0,0,0,0,
4/12/2004,103,FRAM-03,51,NS,0,ND,0,0,ND,0,-99,0,0,0,0,
4/12/2004,103,POTR-04,52,SS,0,-99,-99,-99,-99,-99,-99,-99,-99,-99,-99,flwrs past? Don't see
4/12/2004,103,ACSA-03,53,SS,0,ND,0,0,ND,-99,-99,0,0,0,0,
4/12/2004,103,PRSE-04,54,VS,0,-99,-99,-99,-99,-99,-99,-99,-99,-99,-99,
4/12/2004,103,QURU-04,55,SS,0,ND,0,0,ND,0,-99,0,0,0,0,
4/12/2004,103,ACRU-05,56,SS,0,VS,0,0,ND,0,0,0,0,0,0,
4/12/2004,103,FRAM-04,57,NS,0,ND,0,0,ND,0,-99,0,0,0,0,
4/12/2004,103,POTR-02,58,SS,0,-99,-99,-99,-99,-99,-99,-99,-99,-99,-99,most flwrs open?
4/19/2004,110,AMSP-01,1,VS,0,-99,-99,-99,-99,-99,-99,-99,-99,-99,-99,
4/19/2004,110,FRAM-01,2,SS,0,ND,0,0,ND,0,-99,0,0,0,0,
4/19/2004,110,PRSE-01,3,BB,10,-99,-99,-99,-99,-99,-99,-99,-99,-99,-99,
4/19/2004,110,ACRU-01,4,VS,0,BB,45,0,M,-99,-99,0,0,0,0,
4/19/2004,110,COAL-01,5,VS,0,-99,-99,-99,-99,-99,-99,-99,-99,-99,-99,
4/19/2004,110,AMSP-02,6,VS,0,-99,-99,-99,-99,-99,-99,-99,-99,-99,-99,
4/19/2004,110,ACSA-01,7,MS,0,ND,0,0,ND,0,0,0,0,0,0,
4/19/2004,110,BELE-01,8,MS,0,-99,-99,-99,-99,-99,-99,-99,-99,-99,-99,catkins swelling
4/19/2004,110,BEAL-01,9,VS,0,ND,0,0,ND,0,-99,0,0,0,0,
4/19/2004,110,COAL-04,10,-99,-99,-99,-99,-99,-99,-99,-99,-99,-99,-99,-99,dead
4/19/2004,110,QURU-01,11,SS,0,ND,0,0,ND,-99,-99,0,0,0,0,
4/19/2004,110,QUAL-04,12,NS,0,ND,0,0,ND,0,-99,0,0,0,0,
4/19/2004,110,FAGR-01,13,NS,0,-99,-99,-99,-99,-99,-99,-99,-99,-99,-99,
4/19/2004,110,ACPE-01,14,VS,0,ND,0,0,ND,0,0,0,0,0,0,inner sc 1-1.5cm
4/19/2004,110,QUVE-01,15,SS,0,-99,-99,-99,-99,-99,-99,-99,-99,-99,-99,
4/19/2004,110,BEPA-01,16,SS,0,-99,-99,-99,-99,-99,-99,-99,-99,-99,-99,
4/19/2004,110,CRSP-01,17,MS,0,-99,-99,-99,-99,-99,-99,-99,-99,-99,-99,
4/19/2004,110,ACRU-02,18,VS,0,BB,25,0,M,0,0,0,0,0,0,
4/19/2004,110,ACPE-02,19,VS,0,ND,0,0,ND,0,0,0,0,0,0,inner sc <.75
4/19/2004,110,FAGR-05,20,SS,0,-99,-99,-99,-99,-99,-99,-99,-99,-99,-99,
4/19/2004,110,ACPE-03,21,VS,0,ND,0,0,ND,0,0,0,0,0,0,inner sc ~1cm
4/19/2004,110,HAVI-01,22,SS,0,ND,0,0,ND,0,-99,0,0,0,0,
4/19/2004,110,BEAL-02,23,MS,0,ND,0,0,ND,0,-99,0,0,0,0,
4/19/2004,110,BELE-02,24,MS,0,-99,-99,-99,-99,-99,-99,-99,-99,-99,-99,
4/19/2004,110,FAGR-03,25,-99,-99,-99,-99,-99,-99,-99,-99,-99,-99,-99,-99,dead
4/19/2004,110,AMSP-03,26,MS,0,-99,-99,-99,-99,-99,-99,-99,-99,-99,-99,
4/19/2004,110,BEAL-03,27,MS,0,ND,0,0,ND,0,-99,0,0,0,0,
4/19/2004,110,HAVI-02,28,MS,0,ND,0,0,ND,0,-99,0,0,0,0,
4/19/2004,110,QURU-02,29,SS,0,ND,0,0,ND,-99,-99,0,0,0,0,
4/19/2004,110,ACRU-03,30,VS,0,BB,65,0,M,-99,-99,0,0,0,0,
4/19/2004,110,ACPE-04,31,MS,0,ND,0,0,ND,0,0,0,0,0,0,outer scales split-inner just emerging
4/19/2004,110,QUVE-02,32,SS,0,-99,-99,-99,-99,-99,-99,-99,-99,-99,-99,
4/19/2004,110,ACRU-04,33,VS,0,BB,55,0,M,0,0,0,0,0,0,
4/19/2004,110,QUAL-02,34,SS,0,ND,0,0,ND,0,-99,0,0,0,0,
4/19/2004,110,CRSP-03,35,MS,0,-99,-99,-99,-99,-99,-99,-99,-99,-99,-99,
4/19/2004,110,BELE-03,36,VS,0,-99,-99,-99,-99,-99,-99,-99,-99,-99,-99,
4/19/2004,110,HAVI-03,37,SS,0,ND,0,0,ND,0,-99,0,0,0,0,
4/19/2004,110,QUVE-03,38,SS,0,-99,-99,-99,-99,-99,-99,-99,-99,-99,-99,
4/19/2004,110,QUVE-04,39,SS,0,-99,-99,-99,-99,-99,-99,-99,-99,-99,-99,
4/19/2004,110,QURU-03,40,SS,0,ND,0,0,ND,-99,-99,0,0,0,0,
4/19/2004,110,CRSP-02,41,MS,0,-99,-99,-99,-99,-99,-99,-99,-99,-99,-99,
4/19/2004,110,PRSE-02,42,VS,0,-99,-99,-99,-99,-99,-99,-99,-99,-99,-99,
4/19/2004,110,BEPA-02,43,VS,0,-99,-99,-99,-99,-99,-99,-99,-99,-99,-99,
4/19/2004,110,BEPA-03,44,VS,0,-99,-99,-99,-99,-99,-99,-99,-99,-99,-99,
4/19/2004,110,BEPA-04,45,VS,0,-99,-99,-99,-99,-99,-99,-99,-99,-99,-99,
4/19/2004,110,COAL-03,46,VS,0,-99,-99,-99,-99,-99,-99,-99,-99,-99,-99,
4/19/2004,110,FRAM-02,47,SS,0,ND,0,0,ND,-99,-99,0,0,0,0,
4/19/2004,110,FAGR-04,48,SS,0,-99,-99,-99,-99,-99,-99,-99,-99,-99,-99,a few old lvs left
4/19/2004,110,QUAL-03,49,SS,0,ND,0,0,ND,0,-99,0,0,0,0,
4/19/2004,110,ACSA-02,50,MS,0,ND,0,0,ND,0,0,0,0,0,0,
4/19/2004,110,FRAM-03,51,SS,0,ND,0,0,ND,0,-99,0,0,0,0,
4/19/2004,110,POTR-04,52,MS,0,-99,-99,-99,-99,-99,-99,-99,-99,-99,-99,no flwrs on
4/19/2004,110,ACSA-03,53,MS,0,ND,0,0,ND,-99,-99,0,0,0,0,
4/19/2004,110,PRSE-04,54,VS,0,-99,-99,-99,-99,-99,-99,-99,-99,-99,-99,
4/19/2004,110,QURU-04,55,MS,0,ND,0,0,ND,0,-99,0,0,0,0,
4/19/2004,110,ACRU-05,56,VS,0,BB,65,0,F,0,0,0,0,0,0,
4/19/2004,110,FRAM-04,57,SS,0,ND,0,0,ND,0,-99,0,0,0,0,
4/19/2004,110,POTR-02,58,MS,0,-99,-99,-99,-99,-99,-99,-99,-99,-99,-99,F flwrs 100% open 90% past
4/22/2004,113,AMSP-01,1,VS,0,-99,-99,-99,-99,-99,-99,-99,-99,-99,-99,
4/22/2004,113,FRAM-01,2,SS,0,ND,0,0,ND,0,-99,0,0,0,0,
4/22/2004,113,PRSE-01,3,BB,92,-99,-99,-99,-99,-99,-99,-99,-99,-99,-99,
4/22/2004,113,ACRU-01,4,VS,0,BB,95,0,M,-99,-99,0,0,0,0,
4/22/2004,113,COAL-01,5,BB,10,-99,-99,-99,-99,-99,-99,-99,-99,-99,-99,
4/22/2004,113,AMSP-02,6,BB,3,-99,-99,-99,-99,-99,-99,-99,-99,-99,-99,
4/22/2004,113,ACSA-01,7,VS,0,ND,0,0,ND,0,0,0,0,0,0,
4/22/2004,113,BELE-01,8,VS,0,-99,-99,-99,-99,-99,-99,-99,-99,-99,-99,
4/22/2004,113,BEAL-01,9,VS,0,ND,0,0,ND,0,-99,0,0,0,0,
4/22/2004,113,COAL-04,10,-99,-99,-99,-99,-99,-99,-99,-99,-99,-99,-99,-99,dead
4/22/2004,113,QURU-01,11,MS,0,ND,0,0,ND,-99,-99,0,0,0,0,
4/22/2004,113,QUAL-04,12,SS,0,ND,0,0,ND,0,-99,0,0,0,0,
4/22/2004,113,FAGR-01,13,SS,0,-99,-99,-99,-99,-99,-99,-99,-99,-99,-99,
4/22/2004,113,ACPE-01,14,VS,0,ND,0,0,ND,0,0,0,0,0,0,inner sc up to 3cm
4/22/2004,113,QUVE-01,15,MS,0,-99,-99,-99,-99,-99,-99,-99,-99,-99,-99,
4/22/2004,113,BEPA-01,16,MS,0,-99,-99,-99,-99,-99,-99,-99,-99,-99,-99,
4/22/2004,113,CRSP-01,17,VS,0,-99,-99,-99,-99,-99,-99,-99,-99,-99,-99,
4/22/2004,113,ACRU-02,18,VS,0,BB,90,0,M,0,0,0,0,0,0,
4/22/2004,113,ACPE-02,19,VS,0,ND,0,0,ND,0,0,0,0,0,0,
4/22/2004,113,FAGR-05,20,SS,0,-99,-99,-99,-99,-99,-99,-99,-99,-99,-99,
4/22/2004,113,ACPE-03,21,VS,0,ND,0,0,ND,0,0,0,0,0,0,inner sc up to 2cm
4/22/2004,113,HAVI-01,22,MS,0,ND,0,0,ND,0,-99,0,0,0,0,
4/22/2004,113,BEAL-02,23,MS,0,ND,0,0,ND,0,-99,0,0,0,0,
4/22/2004,113,BELE-02,24,MS,0,-99,-99,-99,-99,-99,-99,-99,-99,-99,-99,
4/22/2004,113,FAGR-03,25,-99,-99,-99,-99,-99,-99,-99,-99,-99,-99,-99,-99,dead
4/22/2004,113,AMSP-03,26,VS,0,-99,-99,-99,-99,-99,-99,-99,-99,-99,-99,
4/22/2004,113,BEAL-03,27,VS,0,ND,0,0,ND,0,-99,0,0,0,0,
4/22/2004,113,HAVI-02,28,VS,0,ND,0,0,ND,0,-99,0,0,0,0,
4/22/2004,113,QURU-02,29,MS,0,ND,0,0,ND,-99,-99,0,0,0,0,
4/22/2004,113,ACRU-03,30,VS,0,BB,85,0,M,-99,-99,0,0,0,0,
4/22/2004,113,ACPE-04,31,VS,0,ND,0,0,ND,0,0,0,0,0,0,inner sc up to 1.5cm
4/22/2004,113,QUVE-02,32,MS,0,-99,-99,-99,-99,-99,-99,-99,-99,-99,-99,
4/22/2004,113,ACRU-04,33,VS,0,BB,97,0,M,0,0,0,0,0,0,
4/22/2004,113,QUAL-02,34,MS,0,ND,0,0,ND,0,-99,0,0,0,0,
4/22/2004,113,CRSP-03,35,MS,0,-99,-99,-99,-99,-99,-99,-99,-99,-99,-99,
4/22/2004,113,BELE-03,36,VS,0,-99,-99,-99,-99,-99,-99,-99,-99,-99,-99,
4/22/2004,113,HAVI-03,37,MS,0,ND,0,0,ND,0,-99,0,0,0,0,
4/22/2004,113,QUVE-03,38,MS,0,-99,-99,-99,-99,-99,-99,-99,-99,-99,-99,
4/22/2004,113,QUVE-04,39,SS,0,-99,-99,-99,-99,-99,-99,-99,-99,-99,-99,
4/22/2004,113,QURU-03,40,MS,0,ND,0,0,ND,-99,-99,0,0,0,0
4/22/2004,113,CRSP-02,41,MS,0,-99,-99,-99,-99,-99,-99,-99,-99,-99,-99
4/22/2004,113,PRSE-02,42,BB,75,-99,-99,-99,-99,-99,-99,-99,-99,-99,-99
4/22/2004,113,BEPA-02,43,VS,0,-99,-99,-99,-99,-99,-99,-99,-99,-99,-99
4/22/2004,113,BEPA-03,44,VS,0,-99,-99,-99,-99,-99,-99,-99,-99,-99,-99
4/22/2004,113,BEPA-04,45,VS,0,-99,-99,-99,-99,-99,-99,-99,-99,-99,-99
4/22/2004,113,COAL-03,46,VS,0,-99,-99,-99,-99,-99,-99,-99,-99,-99,-99
4/22/2004,113,FRAM-02,47,SS,0,ND,0,0,ND,-99,-99,0,0,0,0
4/22/2004,113,FAGR-04,48,MS,0,-99,-99,-99,-99,-99,-99,-99,-99,-99,-99
4/22/2004,113,QUAL-03,49,MS,0,ND,0,0,ND,0,-99,0,0,0,0
4/22/2004,113,ACSA-02,50,VS,0,ND,0,0,ND,0,0,0,0,0,0
4/22/2004,113,FRAM-03,51,SS,0,ND,0,0,ND,0,-99,0,0,0,0
4/22/2004,113,POTR-04,52,VS,0,-99,-99,-99,-99,-99,-99,-99,-99,-99,-99
4/22/2004,113,ACSA-03,53,VS,0,ND,0,0,ND,-99,-99,0,0,0,0
4/22/2004,113,PRSE-04,54,BB,80,-99,-99,-99,-99,-99,-99,-99,-99,-99,-99
4/22/2004,113,QURU-04,55,VS,0,ND,0,0,ND,0,-99,0,0,0,0
4/22/2004,113,ACRU-05,56,VS,0,BB,100,55,F,0,0,0,0,0,0,
4/22/2004,113,FRAM-04,57,MS,0,MS,0,0,ND,0,-99,0,0,0,0,
4/22/2004,113,POTR-02,58,VS,0,-99,-99,-99,-99,-99,-99,-99,-99,-99,-99,catkins hanging stiffly-fruit dev?
4/27/2004,118,AMSP-01,1,BB,3,-99,-99,-99,-99,-99,-99,-99,-99,-99,-99,
4/27/2004,118,FRAM-01,2,MS,0,ND,0,0,ND,0,-99,0,0,0,0,
4/27/2004,118,PRSE-01,3,BB,97,-99,-99,-99,-99,-99,-99,-99,-99,-99,-99,
4/27/2004,118,ACRU-01,4,VS,0,BB,100,50,M,-99,-99,0,0,0,0,
4/27/2004,118,COAL-01,5,BB,95,-99,-99,-99,-99,-99,-99,-99,-99,-99,-99,
4/27/2004,118,AMSP-02,6,BB,50,-99,-99,-99,-99,-99,-99,-99,-99,-99,-99,
4/27/2004,118,ACSA-01,7,VS,0,ND,0,0,ND,0,0,0,0,0,0,
4/27/2004,118,BELE-01,8,VS,0,-99,-99,-99,-99,-99,-99,-99,-99,-99,-99,catkins MS
4/27/2004,118,BEAL-01,9,BB,1,ND,0,0,ND,0,-99,0,0,0,0,
4/27/2004,118,COAL-04,10,-99,-99,-99,-99,-99,-99,-99,-99,-99,-99,-99,-99,dead
4/27/2004,118,QURU-01,11,VS,0,VS,0,0,ND,-99,-99,0,0,0,0,
4/27/2004,118,QUAL-04,12,SS,0,ND,0,0,ND,0,-99,0,0,0,0,
4/27/2004,118,FAGR-01,13,MS,0,-99,-99,-99,-99,-99,-99,-99,-99,-99,-99,
4/27/2004,118,ACPE-01,14,VS,0,ND,0,0,ND,0,0,0,0,0,0,inner sc 3.5-4cm a few starting to split
4/27/2004,118,QUVE-01,15,MS,0,-99,-99,-99,-99,-99,-99,-99,-99,-99,-99,
4/27/2004,118,BEPA-01,16,VS,0,-99,-99,-99,-99,-99,-99,-99,-99,-99,-99,
4/27/2004,118,CRSP-01,17,VS,0,-99,-99,-99,-99,-99,-99,-99,-99,-99,-99,
4/27/2004,118,ACRU-02,18,VS,0,BB,100,55,M,0,0,0,0,0,0,
4/27/2004,118,ACPE-02,19,VS,0,ND,0,0,ND,0,0,0,0,0,0,inner sc up to 2.5cm
4/27/2004,118,FAGR-05,20,MS,0,-99,-99,-99,-99,-99,-99,-99,-99,-99,-99,
4/27/2004,118,ACPE-03,21,VS,0,ND,0,0,ND,0,0,0,0,0,0,inner sc up to 4cm a few starting to split
4/27/2004,118,HAVI-01,22,VS,0,ND,0,0,ND,0,-99,0,0,0,0,
4/27/2004,118,BEAL-02,23,VS,0,ND,0,0,ND,0,-99,0,0,0,0,
4/27/2004,118,BELE-02,24,VS,0,-99,-99,-99,-99,-99,-99,-99,-99,-99,-99,
4/27/2004,118,FAGR-03,25,-99,-99,-99,-99,-99,-99,-99,-99,-99,-99,-99,-99,dead
4/27/2004,118,AMSP-03,26,VS,0,-99,-99,-99,-99,-99,-99,-99,-99,-99,-99,
4/27/2004,118,BEAL-03,27,VS,0,ND,0,0,ND,0,-99,0,0,0,0,
4/27/2004,118,HAVI-02,28,BB,20,ND,0,0,ND,0,-99,0,0,0,0,
4/27/2004,118,QURU-02,29,MS,0,ND,0,0,ND,-99,-99,0,0,0,0,
4/27/2004,118,ACRU-03,30,VS,0,BB,100,55,M,-99,-99,0,0,0,0,
4/27/2004,118,ACPE-04,31,VS,0,ND,0,0,ND,0,0,0,0,0,0,inner sc up to 2.5cm
4/27/2004,118,QUVE-02,32,MS,0,-99,-99,-99,-99,-99,-99,-99,-99,-99,-99,
4/27/2004,118,ACRU-04,33,VS,0,BB,100,55,M,0,0,0,0,0,0,
4/27/2004,118,QUAL-02,34,MS,0,ND,0,0,ND,0,-99,0,0,0,0,
4/27/2004,118,CRSP-03,35,VS,0,-99,-99,-99,-99,-99,-99,-99,-99,-99,-99,
4/27/2004,118,BELE-03,36,VS,0,-99,-99,-99,-99,-99,-99,-99,-99,-99,-99,
4/27/2004,118,HAVI-03,37,VS,0,ND,0,0,ND,0,-99,0,0,0,0,
4/27/2004,118,QUVE-03,38,MS,0,-99,-99,-99,-99,-99,-99,-99,-99,-99,-99,
4/27/2004,118,QUVE-04,39,MS,0,-99,-99,-99,-99,-99,-99,-99,-99,-99,-99,
4/27/2004,118,QURU-03,40,MS,0,ND,0,0,ND,-99,-99,0,0,0,0,
4/27/2004,118,CRSP-02,41,VS,0,-99,-99,-99,-99,-99,-99,-99,-99,-99,-99,
4/27/2004,118,PRSE-02,42,BB,90,-99,-99,-99,-99,-99,-99,-99,-99,-99,-99,
4/27/2004,118,BEPA-02,43,BB,5,-99,-99,-99,-99,-99,-99,-99,-99,-99,-99,
4/27/2004,118,BEPA-03,44,BB,1,-99,-99,-99,-99,-99,-99,-99,-99,-99,-99,
4/27/2004,118,BEPA-04,45,BB,1,-99,-99,-99,-99,-99,-99,-99,-99,-99,-99,
4/27/2004,118,COAL-03,46,BB,65,-99,-99,-99,-99,-99,-99,-99,-99,-99,-99,
4/27/2004,118,FRAM-02,47,MS,0,VS,0,0,ND,-99,-99,0,0,0,0,
4/27/2004,118,FAGR-04,48,VS,0,-99,-99,-99,-99,-99,-99,-99,-99,-99,-99,
4/27/2004,118,QUAL-03,49,MS,0,ND,0,0,ND,0,-99,0,0,0,0,
4/27/2004,118,ACSA-02,50,BB,1,ND,0,0,ND,0,0,0,0,0,0,
4/27/2004,118,FRAM-03,51,MS,0,ND,0,0,ND,0,-99,0,0,0,0,
4/27/2004,118,POTR-04,52,BB,85,-99,-99,-99,-99,-99,-99,-99,-99,-99,-99,
4/27/2004,118,ACSA-03,53,BB,3,ND,0,0,ND,-99,-99,0,0,0,0,
4/27/2004,118,PRSE-04,54,BB,80,-99,-99,-99,-99,-99,-99,-99,-99,-99,-99,
4/27/2004,118,QURU-04,55,VS,0,ND,0,0,ND,0,-99,0,0,0,0,
4/27/2004,118,ACRU-05,56,BB,1,BB,100,100,F,0,0,0,0,0,0,fruit dev
4/27/2004,118,FRAM-04,57,VS,0,VS,0,0,ND,0,-99,0,0,0,0,
4/27/2004,118,POTR-02,58,VS,0,-99,-99,-99,-99,-99,-99,-99,-99,-99,-99,catkins fully expanded-fruit dev
4/30/2004,121,AMSP-01,1,BB,90,-99,-99,-99,-99,-99,-99,-99,-99,-99,-99,
4/30/2004,121,FRAM-01,2,VS,0,ND,0,0,ND,0,-99,0,0,0,0,
4/30/2004,121,PRSE-01,3,BB,97,-99,-99,-99,-99,-99,-99,-99,-99,-99,-99,
4/30/2004,121,ACRU-01,4,VS,0,BB,100,95,M,-99,-99,0,0,0,0,
4/30/2004,121,COAL-01,5,BB,100,-99,-99,-99,-99,-99,-99,-99,-99,-99,-99,
4/30/2004,121,AMSP-02,6,BB,98,-99,-99,-99,-99,-99,-99,-99,-99,-99,-99,
4/30/2004,121,ACSA-01,7,BB,95,ND,0,0,ND,0,0,0,0,0,0,
4/30/2004,121,BELE-01,8,VS,0,-99,-99,-99,-99,-99,-99,-99,-99,-99,-99,
4/30/2004,121,BEAL-01,9,BB,7,ND,0,0,ND,0,-99,0,0,0,0,
4/30/2004,121,COAL-04,10,-99,-99,-99,-99,-99,-99,-99,-99,-99,-99,-99,-99,dead
4/30/2004,121,QURU-01,11,VS,0,ND,0,0,ND,-99,-99,0,0,0,0,
4/30/2004,121,QUAL-04,12,MS,0,ND,0,0,ND,0,-99,0,0,0,0,
4/30/2004,121,FAGR-01,13,MS,0,-99,-99,-99,-99,-99,-99,-99,-99,-99,-99,
4/30/2004,121,ACPE-01,14,BB,25,ND,0,0,ND,0,0,0,0,0,0,
4/30/2004,121,QUVE-01,15,VS,0,-99,-99,-99,-99,-99,-99,-99,-99,-99,-99,
4/30/2004,121,BEPA-01,16,VS,0,-99,-99,-99,-99,-99,-99,-99,-99,-99,-99,
4/30/2004,121,CRSP-01,17,BB,20,-99,-99,-99,-99,-99,-99,-99,-99,-99,-99,
4/30/2004,121,ACRU-02,18,BB,3,BB,100,95,M,0,0,0,0,0,0,
4/30/2004,121,ACPE-02,19,VS,0,ND,0,0,ND,0,0,0,0,0,0,inner sc up to 3.5cm a few splitting
4/30/2004,121,FAGR-05,20,MS,0,-99,-99,-99,-99,-99,-99,-99,-99,-99,-99,
4/30/2004,121,ACPE-03,21,VS,0,ND,0,0,ND,0,0,0,0,0,0,inner sc up to 4.5cm many splitting
4/30/2004,121,HAVI-01,22,BB,30,ND,0,0,ND,0,-99,0,0,0,0,
4/30/2004,121,BEAL-02,23,VS,0,ND,0,0,ND,0,-99,0,0,0,0,
4/30/2004,121,BELE-02,24,VS,0,-99,-99,-99,-99,-99,-99,-99,-99,-99,-99,
4/30/2004,121,FAGR-03,25,-99,-99,-99,-99,-99,-99,-99,-99,-99,-99,-99,-99,dead
4/30/2004,121,AMSP-03,26,BB,3,-99,-99,-99,-99,-99,-99,-99,-99,-99,-99,
4/30/2004,121,BEAL-03,27,BB,5,ND,0,0,ND,0,-99,0,0,0,0,
4/30/2004,121,HAVI-02,28,BB,80,ND,0,0,ND,0,-99,0,0,0,0,
4/30/2004,121,QURU-02,29,VS,0,ND,0,0,ND,-99,-99,0,0,0,0,
4/30/2004,121,ACRU-03,30,VS,0,BB,100,98,M,-99,-99,0,0,0,0,
4/30/2004,121,ACPE-04,31,VS,0,ND,0,0,ND,0,0,0,0,0,0,inner sc up to 3.5cm  
4/30/2004,121,QUVE-02,32,VS,0,-99,-99,-99,-99,-99,-99,-99,-99,-99,-99,
4/30/2004,121,ACRU-04,33,BB,10,BB,100,100,M,0,0,0,0,0,0,
4/30/2004,121,QUAL-02,34,VS,0,ND,0,0,ND,0,-99,0,0,0,0,
4/30/2004,121,CRSP-03,35,VS,0,-99,-99,-99,-99,-99,-99,-99,-99,-99,-99,
4/30/2004,121,BELE-03,36,VS,0,-99,-99,-99,-99,-99,-99,-99,-99,-99,-99
4/30/2004,121,HAVI-03,37,BB,75,ND,0,0,ND,0,-99,0,0,0,0
4/30/2004,121,QUVE-03,38,VS,0,-99,-99,-99,-99,-99,-99,-99,-99,-99,-99
4/30/2004,121,QUVE-04,39,VS,0,-99,-99,-99,-99,-99,-99,-99,-99,-99,-99
4/30/2004,121,QURU-03,40,VS,0,ND,0,0,ND,-99,-99,0,0,0,0
4/30/2004,121,CRSP-02,41,BB,5,-99,-99,-99,-99,-99,-99,-99,-99,-99,-99
4/30/2004,121,PRSE-02,42,BB,99,-99,-99,-99,-99,-99,-99,-99,-99,-99,-99
4/30/2004,121,BEPA-02,43,BB,70,-99,-99,-99,-99,-99,-99,-99,-99,-99,-99
4/30/2004,121,BEPA-03,44,BB,65,-99,-99,-99,-99,-99,-99,-99,-99,-99,-99
4/30/2004,121,BEPA-04,45,BB,70,-99,-99,-99,-99,-99,-99,-99,-99,-99,-99
4/30/2004,121,COAL-03,46,BB,99,-99,-99,-99,-99,-99,-99,-99,-99,-99,-99
4/30/2004,121,FRAM-02,47,MS,0,VS,0,0,ND,-99,-99,0,0,0,0
4/30/2004,121,FAGR-04,48,BB,1,-99,-99,-99,-99,-99,-99,-99,-99,-99,-99
4/30/2004,121,QUAL-03,49,VS,0,ND,0,0,ND,0,-99,0,0,0,0
4/30/2004,121,ACSA-02,50,BB,75,ND,0,0,ND,0,0,0,0,0,0
4/30/2004,121,FRAM-03,51,MS,0,ND,0,0,ND,0,-99,0,0,0,0
4/30/2004,121,POTR-04,52,BB,100,-99,-99,-99,-99,-99,-99,-99,-99,-99,-99,
4/30/2004,121,ACSA-03,53,BB,1,BB,30,0,ND,-99,-99,0,0,0,0,
4/30/2004,121,PRSE-04,54,BB,90,-99,-99,-99,-99,-99,-99,-99,-99,-99,-99,
4/30/2004,121,QURU-04,55,BB,3,VS,0,0,ND,0,-99,0,0,0,0,
4/30/2004,121,ACRU-05,56,BB,30,BB,100,100,F,0,0,0,0,0,0,fruit dev-still on
4/30/2004,121,FRAM-04,57,VS,0,VS,0,0,ND,0,-99,0,0,0,0,
4/30/2004,121,POTR-02,58,BB,80,-99,-99,-99,-99,-99,-99,-99,-99,-99,-99,fruit dev-still on
5/4/2004,125,AMSP-01,1,BB,100,-99,-99,-99,-99,-99,-99,-99,-99,-99,-99,
5/4/2004,125,FRAM-01,2,BB,1,ND,0,0,ND,0,-99,0,0,0,0,
5/4/2004,125,PRSE-01,3,BB,100,-99,-99,-99,-99,-99,-99,-99,-99,-99,-99,
5/4/2004,125,ACRU-01,4,BB,1,BB,100,100,M,-99,-99,0,0,0,0,
5/4/2004,125,COAL-01,5,BB,100,-99,-99,-99,-99,-99,-99,-99,-99,-99,-99,
5/4/2004,125,AMSP-02,6,BB,100,-99,-99,-99,-99,-99,-99,-99,-99,-99,-99,flwrs all open
5/4/2004,125,ACSA-01,7,BB,99,ND,0,0,ND,0,0,13,0,0,0,
5/4/2004,125,BELE-01,8,BB,50,-99,-99,-99,-99,-99,-99,-99,-99,-99,-99,flwrs ~75% open
5/4/2004,125,BEAL-01,9,BB,70,ND,0,0,ND,4,-99,8,0,0,0,
5/4/2004,125,COAL-04,10,-99,-99,-99,-99,-99,-99,-99,-99,-99,-99,-99,-99,dead
5/4/2004,125,QURU-01,11,BB,60,VS,0,0,ND,-99,-99,0,0,0,0,
5/4/2004,125,QUAL-04,12,VS,0,ND,0,0,ND,0,-99,0,0,0,0,
5/4/2004,125,FAGR-01,13,VS,0,-99,-99,-99,-99,-99,-99,-99,-99,-99,-99,
5/4/2004,125,ACPE-01,14,BB,98,BB,20,0,M,0,0,0,0,0,0,
5/4/2004,125,QUVE-01,15,VS,0,-99,-99,-99,-99,-99,-99,-99,-99,-99,-99,
5/4/2004,125,BEPA-01,16,BB,92,-99,-99,-99,-99,-99,-99,-99,-99,-99,-99,
5/4/2004,125,CRSP-01,17,BB,75,-99,-99,-99,-99,-99,-99,-99,-99,-99,-99,
5/4/2004,125,ACRU-02,18,BB,50,BB,100,100,M,0,0,0,0,0,0,
5/4/2004,125,ACPE-02,19,BB,45,VS,0,0,ND,0,0,0,0,0,0,
5/4/2004,125,FAGR-05,20,BB,3,-99,-99,-99,-99,-99,-99,-99,-99,-99,-99,
5/4/2004,125,ACPE-03,21,BB,95,VS,0,0,ND,0,0,0,0,0,0,
5/4/2004,125,HAVI-01,22,BB,99,ND,0,0,ND,4,-99,8,0,0,0,
5/4/2004,125,BEAL-02,23,BB,10,ND,0,0,ND,0,-99,0,0,0,0,
5/4/2004,125,BELE-02,24,BB,15,-99,-99,-99,-99,-99,-99,-99,-99,-99,-99,
5/4/2004,125,FAGR-03,25,-99,-99,-99,-99,-99,-99,-99,-99,-99,-99,-99,-99,dead
5/4/2004,125,AMSP-03,26,BB,99,-99,-99,-99,-99,-99,-99,-99,-99,-99,-99
5/4/2004,125,BEAL-03,27,BB,80,ND,0,0,ND,0,-99,0,0,0,0
5/4/2004,125,HAVI-02,28,BB,100,ND,0,0,ND,4,-99,13,0,0,0
5/4/2004,125,QURU-02,29,BB,1,ND,0,0,ND,-99,-99,0,0,0,0
5/4/2004,125,ACRU-03,30,BB,25,BB,100,100,M,-99,-99,0,0,0,0
5/4/2004,125,ACPE-04,31,BB,5,ND,0,0,ND,0,0,0,0,0,0
5/4/2004,125,QUVE-02,32,VS,0,-99,-99,-99,-99,-99,-99,-99,-99,-99,-99
5/4/2004,125,ACRU-04,33,BB,70,BB,100,100,M,0,0,0,0,0,0
5/4/2004,125,QUAL-02,34,VS,0,ND,0,0,ND,0,-99,0,0,0,0
5/4/2004,125,CRSP-03,35,BB,80,-99,-99,-99,-99,-99,-99,-99,-99,-99,-99
5/4/2004,125,BELE-03,36,BB,15,-99,-99,-99,-99,-99,-99,-99,-99,-99,-99
5/4/2004,125,HAVI-03,37,BB,99,ND,0,0,ND,4,-99,10,0,0,0
5/4/2004,125,QUVE-03,38,BB,1,-99,-99,-99,-99,-99,-99,-99,-99,-99,-99
5/4/2004,125,QUVE-04,39,VS,0,-99,-99,-99,-99,-99,-99,-99,-99,-99,-99
5/4/2004,125,QURU-03,40,BB,80,ND,0,0,ND,-99,-99,0,0,0,0
5/4/2004,125,CRSP-02,41,BB,85,-99,-99,-99,-99,-99,-99,-99,-99,-99,-99
5/4/2004,125,PRSE-02,42,BB,100,-99,-99,-99,-99,-99,-99,-99,-99,-99,-99
5/4/2004,125,BEPA-02,43,BB,92,-99,-99,-99,-99,-99,-99,-99,-99,-99,-99
5/4/2004,125,BEPA-03,44,BB,97,-99,-99,-99,-99,-99,-99,-99,-99,-99,-99
5/4/2004,125,BEPA-04,45,BB,98,-99,-99,-99,-99,-99,-99,-99,-99,-99,-99
5/4/2004,125,COAL-03,46,BB,99,-99,-99,-99,-99,-99,-99,-99,-99,-99,-99
5/4/2004,125,FRAM-02,47,VS,0,VS,0,0,ND,-99,-99,0,0,0,0
5/4/2004,125,FAGR-04,48,BB,95,-99,-99,-99,-99,-99,-99,-99,-99,-99,-99
5/4/2004,125,QUAL-03,49,VS,0,ND,0,0,ND,0,-99,0,0,0,0
5/4/2004,125,ACSA-02,50,BB,99,ND,0,0,ND,0,0,10,0,0,0
5/4/2004,125,FRAM-03,51,VS,0,ND,0,0,ND,0,-99,0,0,0,0
5/4/2004,125,POTR-04,52,BB,100,-99,-99,-99,-99,-99,-99,-99,-99,-99,-99
5/4/2004,125,ACSA-03,53,BB,45,BB,90,0,ND,-99,-99,0,0,0,0
5/4/2004,125,PRSE-04,54,BB,95,-99,-99,-99,-99,-99,-99,-99,-99,-99,-99
5/4/2004,125,QURU-04,55,BB,80,BB,90,0,ND,0,-99,0,0,0,0
5/4/2004,125,ACRU-05,56,BB,95,BB,100,100,F,0,0,10,0,0,0
5/4/2004,125,FRAM-04,57,BB,1,BB,30,0,M,0,-99,0,0,0,0
5/4/2004,125,POTR-02,58,BB,100,-99,-99,-99,-99,-99,-99,-99,-99,-99,-99,fruit still on
5/10/2004,131,AMSP-01,1,BB,100,-99,-99,-99,-99,-99,-99,-99,-99,-99,-99,
5/10/2004,131,FRAM-01,2,BB,100,ND,0,0,ND,-99,-99,5,0,0,0,
5/10/2004,131,PRSE-01,3,BB,100,-99,-99,-99,-99,-99,-99,-99,-99,-99,-99,
5/10/2004,131,ACRU-01,4,BB,35,BB,100,100,M,-99,-99,0,0,0,0,
5/10/2004,131,COAL-01,5,BB,100,-99,-99,-99,-99,-99,-99,-99,-99,-99,-99,
5/10/2004,131,AMSP-02,6,BB,100,-99,-99,-99,-99,-99,-99,-99,-99,-99,-99,flwrs past 
5/10/2004,131,ACSA-01,7,BB,100,ND,0,0,ND,9,8,23,0,0,0,
5/10/2004,131,BELE-01,8,BB,97,-99,-99,-99,-99,-99,-99,-99,-99,-99,-99,most catkins fallen
5/10/2004,131,BEAL-01,9,BB,98,ND,-99,-99,ND,7,-99,15,0,0,0,
5/10/2004,131,COAL-04,10,-99,-99,-99,-99,-99,-99,-99,-99,-99,-99,-99,-99,dead
5/10/2004,131,QURU-01,11,BB,90,BB,100,-99,ND,-99,-99,10,0,0,0,
5/10/2004,131,QUAL-04,12,VS,0,ND,0,0,ND,0,-99,0,0,0,0,
5/10/2004,131,FAGR-01,13,BB,75,-99,-99,-99,-99,-99,-99,-99,-99,-99,-99,
5/10/2004,131,ACPE-01,14,BB,100,BB,100,0,M,11,9,25,0,0,0,flwrs hanging
5/10/2004,131,QUVE-01,15,BB,50,-99,-99,-99,-99,-99,-99,-99,-99,-99,-99,
5/10/2004,131,BEPA-01,16,BB,99,-99,-99,-99,-99,-99,-99,-99,-99,-99,-99,
5/10/2004,131,CRSP-01,17,BB,100,-99,-99,-99,-99,-99,-99,-99,-99,-99,-99,
5/10/2004,131,ACRU-02,18,BB,90,BB,100,100,M,4,4,5,0,0,0,
5/10/2004,131,ACPE-02,19,BB,99,BB,30,0,M,8,7,13,0,0,0,
5/10/2004,131,FAGR-05,20,BB,70,-99,-99,-99,-99,-99,-99,-99,-99,-99,-99,
5/10/2004,131,ACPE-03,21,BB,100,BB,20,0,M,8,7,10,0,0,0,very few flwrs
5/10/2004,131,HAVI-01,22,BB,100,ND,0,0,ND,6,-99,15,0,0,0,
5/10/2004,131,BEAL-02,23,BB,60,ND,0,0,ND,0,-99,0,0,0,0,
5/10/2004,131,BELE-02,24,BB,75,-99,-99,-99,-99,-99,-99,-99,-99,-99,-99,
5/10/2004,131,FAGR-03,25,-99,-99,-99,-99,-99,-99,-99,-99,-99,-99,-99,-99,dead
5/10/2004,131,AMSP-03,26,BB,99,-99,-99,-99,-99,-99,-99,-99,-99,-99,-99,
5/10/2004,131,BEAL-03,27,BB,97,ND,0,0,ND,5,-99,13,0,0,0,
5/10/2004,131,HAVI-02,28,BB,100,ND,0,0,ND,6,-99,15,0,0,0,
5/10/2004,131,QURU-02,29,BB,80,ND,0,0,ND,-99,-99,0,0,0,0,
5/10/2004,131,ACRU-03,30,BB,75,BB,100,100,M,-99,-99,0,0,0,0,
5/10/2004,131,ACPE-04,31,BB,97,-99,-99,-99,ND,0,0,0,0,0,0,
5/10/2004,131,QUVE-02,32,BB,60,-99,-99,-99,-99,-99,-99,-99,-99,-99,-99,
5/10/2004,131,ACRU-04,33,BB,98,BB,100,100,M,5,4,8,0,0,0,
5/10/2004,131,QUAL-02,34,BB,50,ND,0,0,ND,0,-99,0,0,0,0,
5/10/2004,131,CRSP-03,35,BB,100,-99,-99,-99,-99,-99,-99,-99,-99,-99,-99,
5/10/2004,131,BELE-03,36,BB,80,-99,-99,-99,-99,-99,-99,-99,-99,-99,-99,
5/10/2004,131,HAVI-03,37,BB,100,ND,0,0,ND,6,-99,15,0,0,0,
5/10/2004,131,QUVE-03,38,BB,40,-99,-99,-99,-99,-99,-99,-99,-99,-99,-99,
5/10/2004,131,QUVE-04,39,BB,25,-99,-99,-99,-99,-99,-99,-99,-99,-99,-99,
5/10/2004,131,QURU-03,40,BB,98,BB,100,0,ND,-99,-99,8,0,0,0,
5/10/2004,131,CRSP-02,41,BB,99,-99,-99,-99,-99,-99,-99,-99,-99,-99,-99,
5/10/2004,131,PRSE-02,42,BB,100,-99,-99,-99,-99,-99,-99,-99,-99,-99,-99,
5/10/2004,131,BEPA-02,43,BB,99,-99,-99,-99,-99,-99,-99,-99,-99,-99,-99,
5/10/2004,131,BEPA-03,44,BB,100,-99,-99,-99,-99,-99,-99,-99,-99,-99,-99,
5/10/2004,131,BEPA-04,45,BB,100,-99,-99,-99,-99,-99,-99,-99,-99,-99,-99,catkins fallen
5/10/2004,131,COAL-03,46,BB,100,-99,-99,-99,-99,-99,-99,-99,-99,-99,-99,
5/10/2004,131,FRAM-02,47,BB,70,BB,75,0,M,-99,-99,0,0,0,0,
5/10/2004,131,FAGR-04,48,BB,100,-99,-99,-99,-99,-99,-99,-99,-99,-99,-99,
5/10/2004,131,QUAL-03,49,BB,20,ND,0,0,ND,0,-99,0,0,0,0,
5/10/2004,131,ACSA-02,50,BB,100,ND,0,0,ND,10,8,23,0,0,0,
5/10/2004,131,FRAM-03,51,BB,90,ND,0,0,ND,0,-99,0,0,0,0,
5/10/2004,131,POTR-04,52,BB,100,-99,-99,-99,-99,-99,-99,-99,-99,-99,-99,
5/10/2004,131,ACSA-03,53,BB,95,BB,100,100,ND,-99,-99,13,0,0,0,few flwrs
5/10/2004,131,PRSE-04,54,BB,95,-99,-99,-99,-99,-99,-99,-99,-99,-99,-99,
5/10/2004,131,QURU-04,55,BB,90,BB,100,8,ND,0,-99,8,0,0,0,
5/10/2004,131,ACRU-05,56,BB,99,BB,100,100,F,7,6,15,0,0,0,fruit developing-lots
5/10/2004,131,FRAM-04,57,BB,65,BB,100,10,M,0,-99,0,0,0,0,
5/10/2004,131,POTR-02,58,BB,100,-99,-99,-99,-99,-99,-99,-99,-99,-99,-99,most fruit still on
5/14/2004,135,AMSP-01,1,BB,100,-99,-99,-99,-99,-99,-99,-99,-99,-99,-99,
5/14/2004,135,FRAM-01,2,BB,100,ND,0,0,ND,-99,-99,15,0,0,0,
5/14/2004,135,PRSE-01,3,BB,100,-99,-99,-99,-99,-99,-99,-99,-99,-99,-99,
5/14/2004,135,ACRU-01,4,BB,95,BB,100,100,M,-99,-99,18,0,0,0,
5/14/2004,135,COAL-01,5,BB,100,-99,-99,-99,-99,-99,-99,-99,-99,-99,-99,
5/14/2004,135,AMSP-02,6,BB,100,-99,-99,-99,-99,-99,-99,-99,-99,-99,-99,
5/14/2004,135,ACSA-01,7,BB,100,ND,0,0,ND,12,12,48,0,0,0,
5/14/2004,135,BELE-01,8,BB,100,-99,-99,-99,-99,-99,-99,-99,-99,-99,-99,
5/14/2004,135,BEAL-01,9,BB,100,ND,-99,-99,ND,11,-99,43,15,0,S,
5/14/2004,135,COAL-04,10,-99,-99,-99,-99,-99,-99,-99,-99,-99,-99,-99,-99,dead
5/14/2004,135,QURU-01,11,BB,100,BB,100,15,ND,-99,-99,20,0,0,0,
5/14/2004,135,QUAL-04,12,BB,40,ND,0,0,ND,0,-99,0,0,0,0,
5/14/2004,135,FAGR-01,13,BB,100,-99,-99,-99,-99,-99,-99,-99,-99,-99,-99,
5/14/2004,135,ACPE-01,14,BB,100,BB,100,15,M,15,14,50,20,0,0,
5/14/2004,135,QUVE-01,15,BB,80,-99,-99,-99,-99,-99,-99,-99,-99,-99,-99,flwrs open
5/14/2004,135,BEPA-01,16,BB,100,-99,-99,-99,-99,-99,-99,-99,-99,-99,-99,
5/14/2004,135,CRSP-01,17,BB,100,-99,-99,-99,-99,-99,-99,-99,-99,-99,-99,
5/14/2004,135,ACRU-02,18,BB,99,BB,100,100,M,8,10,-99,0,0,0,
5/14/2004,135,ACPE-02,19,BB,100,BB,100,0,M,12,11,20,0,0,0,flwrs open
5/14/2004,135,FAGR-05,20,BB,100,-99,-99,-99,-99,-99,-99,-99,-99,-99,-99,
5/14/2004,135,ACPE-03,21,BB,100,BB,-99,-99,M,13,14,33,0,0,0,
5/14/2004,135,HAVI-01,22,BB,100,ND,0,0,ND,9,-99,33,0,0,0,
5/14/2004,135,BEAL-02,23,BB,97,ND,0,0,ND,6,-99,25,0,0,0,
5/14/2004,135,BELE-02,24,BB,99,-99,-99,-99,-99,-99,-99,-99,-99,-99,-99,
5/14/2004,135,FAGR-03,25,-99,-99,-99,-99,-99,-99,-99,-99,-99,-99,-99,-99,dead
5/14/2004,135,AMSP-03,26,BB,100,-99,-99,-99,-99,-99,-99,-99,-99,-99,-99,
5/14/2004,135,BEAL-03,27,BB,100,ND,0,0,ND,8,-99,43,5,0,0,
5/14/2004,135,HAVI-02,28,BB,100,ND,0,0,ND,9,-99,43,0,0,0,
5/14/2004,135,QURU-02,29,BB,100,ND,0,0,ND,-99,-99,15,0,0,0,
5/14/2004,135,ACRU-03,30,BB,99,BB,100,100,M,-99,-99,13,0,0,0,
5/14/2004,135,ACPE-04,31,BB,100,BB,100,0,F,12,11,38,0,0,0,
5/14/2004,135,QUVE-02,32,BB,80,-99,-99,-99,-99,-99,-99,-99,-99,-99,-99,
5/14/2004,135,ACRU-04,33,BB,100,BB,100,100,M,10,11,35,0,0,0,
5/14/2004,135,QUAL-02,34,BB,95,ND,0,0,ND,0,-99,8,0,0,0,
5/14/2004,135,CRSP-03,35,BB,100,-99,-99,-99,-99,-99,-99,-99,-99,-99,-99,
5/14/2004,135,BELE-03,36,BB,100,-99,-99,-99,-99,-99,-99,-99,-99,-99,-99,
5/14/2004,135,HAVI-03,37,BB,100,ND,0,0,ND,10,-99,43,0,0,0,
5/14/2004,135,QUVE-03,38,BB,70,-99,-99,-99,-99,-99,-99,-99,-99,-99,-99
5/14/2004,135,QUVE-04,39,BB,70,-99,-99,-99,-99,-99,-99,-99,-99,-99,-99
5/14/2004,135,QURU-03,40,BB,100,BB,100,100,ND,-99,-99,35,0,0,0
5/14/2004,135,CRSP-02,41,BB,100,-99,-99,-99,-99,-99,-99,-99,-99,-99,-99
5/14/2004,135,PRSE-02,42,BB,100,-99,-99,-99,-99,-99,-99,-99,-99,-99,-99
5/14/2004,135,BEPA-02,43,BB,100,-99,-99,-99,-99,-99,-99,-99,-99,-99,-99
5/14/2004,135,BEPA-03,44,BB,100,-99,-99,-99,-99,-99,-99,-99,-99,-99,-99
5/14/2004,135,BEPA-04,45,BB,100,-99,-99,-99,-99,-99,-99,-99,-99,-99,-99
5/14/2004,135,COAL-03,46,BB,100,-99,-99,-99,-99,-99,-99,-99,-99,-99,-99
5/14/2004,135,FRAM-02,47,BB,100,BB,100,100,M,-99,-99,30,0,0,0
5/14/2004,135,FAGR-04,48,BB,100,-99,-99,-99,-99,-99,-99,-99,-99,-99,-99
5/14/2004,135,QUAL-03,49,BB,97,ND,0,0,ND,0,-99,0,0,0,0
5/14/2004,135,ACSA-02,50,BB,100,ND,0,0,ND,13,15,65,30,0,0
5/14/2004,135,FRAM-03,51,BB,100,ND,0,0,ND,15,-99,18,0,0,0
5/14/2004,135,POTR-04,52,BB,100,-99,-99,-99,-99,-99,-99,-99,-99,-99,-99
5/14/2004,135,ACSA-03,53,BB,100,BB,100,100,ND,-99,-99,45,0,0,0
5/14/2004,135,PRSE-04,54,BB,100,-99,-99,-99,-99,-99,-99,-99,-99,-99,-99,
5/14/2004,135,QURU-04,55,BB,100,BB,100,45,ND,0,-99,35,0,0,0,
5/14/2004,135,ACRU-05,56,BB,100,BB,100,100,F,10,10,43,0,0,0,fruit still on
5/14/2004,135,FRAM-04,57,BB,-99,BB,100,90,M,16,-99,18,0,0,0,
5/14/2004,135,POTR-02,58,BB,100,-99,-99,-99,-99,-99,-99,-99,-99,-99,-99,fruit still on
5/19/2004,140,AMSP-01,1,BB,100,-99,-99,-99,-99,-99,-99,-99,-99,-99,-99,
5/19/2004,140,FRAM-01,2,BB,100,ND,0,0,ND,20,-99,55,0,0,0,
5/19/2004,140,PRSE-01,3,BB,100,-99,-99,-99,-99,-99,-99,-99,-99,-99,-99,
5/19/2004,140,ACRU-01,4,BB,100,BB,100,100,M,-99,-99,60,40,0,0,
5/19/2004,140,COAL-01,5,BB,100,-99,-99,-99,-99,-99,-99,-99,-99,-99,-99,
5/19/2004,140,AMSP-02,6,BB,100,-99,-99,-99,-99,-99,-99,-99,-99,-99,-99,
5/19/2004,140,ACSA-01,7,BB,100,ND,0,0,ND,14,15,78,65,25,0,
5/19/2004,140,BELE-01,8,BB,100,-99,-99,-99,-99,-99,-99,-99,-99,-99,-99,
5/19/2004,140,BEAL-01,9,BB,100,ND,-99,-99,ND,13,-99,75,75,20,S,
5/19/2004,140,COAL-04,10,-99,-99,-99,-99,-99,-99,-99,-99,-99,-99,-99,-99,dead
5/19/2004,140,QURU-01,11,BB,100,BB,100,100,ND,-99,-99,55,15,0,0,
5/19/2004,140,QUAL-04,12,BB,95,ND,0,0,ND,7,-99,13,0,0,0,
5/19/2004,140,FAGR-01,13,BB,100,-99,-99,-99,-99,-99,-99,-99,-99,-99,-99,
5/19/2004,140,ACPE-01,14,BB,100,BB,100,80,M,20,17,75,70,25,F,
5/19/2004,140,QUVE-01,15,BB,90,-99,-99,-99,-99,-99,-99,-99,-99,-99,-99,flwrs open-some past
5/19/2004,140,BEPA-01,16,BB,100,-99,-99,-99,-99,-99,-99,-99,-99,-99,-99,
5/19/2004,140,CRSP-01,17,BB,100,-99,-99,-99,-99,-99,-99,-99,-99,-99,-99,
5/19/2004,140,ACRU-02,18,BB,100,BB,100,100,M,10,11,58,35,0,0,
5/19/2004,140,ACPE-02,19,BB,100,BB,100,25,M,18,16,53,25,0,S,
5/19/2004,140,FAGR-05,20,BB,100,-99,-99,-99,-99,-99,-99,-99,-99,-99,-99,
5/19/2004,140,ACPE-03,21,BB,100,BB,-99,-99,M,18,18,65,50,0,0,
5/19/2004,140,HAVI-01,22,BB,100,ND,0,0,ND,11,-99,53,20,0,0,
5/19/2004,140,BEAL-02,23,BB,100,ND,0,0,ND,9,-99,65,60,0,F,
5/19/2004,140,BELE-02,24,BB,100,-99,-99,-99,-99,-99,-99,-99,-99,-99,-99,
5/19/2004,140,FAGR-03,25,-99,-99,-99,-99,-99,-99,-99,-99,-99,-99,-99,-99,dead
5/19/2004,140,AMSP-03,26,BB,100,-99,-99,-99,-99,-99,-99,-99,-99,-99,-99,
5/19/2004,140,BEAL-03,27,BB,100,ND,0,0,ND,10,-99,65,70,10,F,
5/19/2004,140,HAVI-02,28,BB,100,ND,0,0,ND,11,-99,75,65,15,S,
5/19/2004,140,QURU-02,29,BB,100,ND,0,0,ND,-99,-99,38,0,0,0,
5/19/2004,140,ACRU-03,30,BB,100,BB,100,100,M,-99,-99,53,25,0,0,
5/19/2004,140,ACPE-04,31,BB,100,BB,100,10,F,16,16,65,50,0,F,flwrs still on
5/19/2004,140,QUVE-02,32,BB,95,-99,-99,-99,-99,-99,-99,-99,-99,-99,-99,
5/19/2004,140,ACRU-04,33,BB,100,BB,100,100,M,13,14,65,75,0,S,
5/19/2004,140,QUAL-02,34,BB,100,ND,0,0,ND,9,-99,20,0,0,0,
5/19/2004,140,CRSP-03,35,BB,100,-99,-99,-99,-99,-99,-99,-99,-99,-99,-99,
5/19/2004,140,BELE-03,36,BB,100,-99,-99,-99,-99,-99,-99,-99,-99,-99,-99,
5/19/2004,140,HAVI-03,37,BB,100,ND,0,0,ND,12,-99,73,75,20,F,
5/19/2004,140,QUVE-03,38,BB,98,-99,-99,-99,-99,-99,-99,-99,-99,-99,-99,
5/19/2004,140,QUVE-04,39,BB,85,-99,-99,-99,-99,-99,-99,-99,-99,-99,-99,
5/19/2004,140,QURU-03,40,BB,100,BB,100,100,ND,-99,-99,-99,0,0,0,
5/19/2004,140,CRSP-02,41,BB,100,-99,-99,-99,-99,-99,-99,-99,-99,-99,-99,
5/19/2004,140,PRSE-02,42,BB,100,-99,-99,-99,-99,-99,-99,-99,-99,-99,-99,
5/19/2004,140,BEPA-02,43,BB,100,-99,-99,-99,-99,-99,-99,-99,-99,-99,-99,
5/19/2004,140,BEPA-03,44,BB,100,-99,-99,-99,-99,-99,-99,-99,-99,-99,-99,
5/19/2004,140,BEPA-04,45,BB,100,-99,-99,-99,-99,-99,-99,-99,-99,-99,-99,
5/19/2004,140,COAL-03,46,BB,100,-99,-99,-99,-99,-99,-99,-99,-99,-99,-99,
5/19/2004,140,FRAM-02,47,BB,100,BB,100,100,M,-99,-99,43,0,0,0,
5/19/2004,140,FAGR-04,48,BB,100,-99,-99,-99,-99,-99,-99,-99,-99,-99,-99,
5/19/2004,140,QUAL-03,49,BB,100,ND,0,0,ND,10,-99,35,0,0,0,
5/19/2004,140,ACSA-02,50,BB,100,ND,0,0,ND,15,16,75,80,30,0,
5/19/2004,140,FRAM-03,51,BB,100,ND,0,0,ND,27,-99,43,0,0,0,
5/19/2004,140,POTR-04,52,BB,100,-99,-99,-99,-99,-99,-99,-99,-99,-99,-99,
5/19/2004,140,ACSA-03,53,BB,100,BB,100,100,ND,-99,-99,63,60,15,S,
5/19/2004,140,PRSE-04,54,BB,100,-99,-99,-99,-99,-99,-99,-99,-99,-99,-99,
5/19/2004,140,QURU-04,55,BB,100,BB,100,92,ND,0,-99,50,50,0,0,
5/19/2004,140,ACRU-05,56,BB,100,BB,100,100,F,13,12,75,80,30,M,fruit still on
5/19/2004,140,FRAM-04,57,BB,100,BB,100,100,M,31,-99,53,15,0,0,
5/19/2004,140,POTR-02,58,BB,100,-99,-99,-99,-99,-99,-99,-99,-99,-99,-99,fruit mostly gone
5/25/2004,146,AMSP-01,1,BB,100,-99,-99,-99,-99,-99,-99,-99,-99,-99,-99,
5/25/2004,146,FRAM-01,2,BB,100,ND,0,0,ND,-99,-99,60,40,0,0,
5/25/2004,146,PRSE-01,3,BB,100,-99,-99,-99,-99,-99,-99,-99,-99,-99,-99,
5/25/2004,146,ACRU-01,4,BB,100,BB,100,100,M,-99,-99,78,75,10,S,
5/25/2004,146,COAL-01,5,BB,100,-99,-99,-99,-99,-99,-99,-99,-99,-99,-99,first flwrs open
5/25/2004,146,AMSP-02,6,BB,100,-99,-99,-99,-99,-99,-99,-99,-99,-99,-99,
5/25/2004,146,ACSA-01,7,BB,100,ND,0,0,ND,14,15,85,80,60,0,
5/25/2004,146,BELE-01,8,BB,100,-99,-99,-99,-99,-99,-99,-99,-99,-99,-99,
5/25/2004,146,BEAL-01,9,BB,100,ND,-99,-99,ND,13,-99,88,80,65,M,
5/25/2004,146,COAL-04,10,-99,-99,-99,-99,-99,-99,-99,-99,-99,-99,-99,-99,dead
5/25/2004,146,QURU-01,11,BB,100,BB,100,100,ND,-99,-99,60,30,0,0,
5/25/2004,146,QUAL-04,12,BB,100,ND,0,0,ND,11,-99,28,0,0,0,
5/25/2004,146,FAGR-01,13,BB,100,-99,-99,-99,-99,-99,-99,-99,-99,-99,-99,
5/25/2004,146,ACPE-01,14,BB,100,BB,100,100,M,19,18,75,80,25,S,
5/25/2004,146,QUVE-01,15,BB,100,-99,-99,-99,-99,-99,-99,-99,-99,-99,-99,
5/25/2004,146,BEPA-01,16,BB,100,-99,-99,-99,-99,-99,-99,-99,-99,-99,-99,
5/25/2004,146,CRSP-01,17,BB,100,-99,-99,-99,-99,-99,-99,-99,-99,-99,-99,
5/25/2004,146,ACRU-02,18,BB,100,BB,100,100,M,12,13,75,80,15,S,
5/25/2004,146,ACPE-02,19,BB,100,BB,100,92,M,19,19,68,65,0,S,
5/25/2004,146,FAGR-05,20,BB,100,-99,-99,-99,-99,-99,-99,-99,-99,-99,-99,
5/25/2004,146,ACPE-03,21,BB,100,BB,-99,-99,M,20,20,78,75,25,0,
5/25/2004,146,HAVI-01,22,BB,100,ND,0,0,ND,13,-99,63,65,15,0,
5/25/2004,146,BEAL-02,23,BB,100,ND,0,0,ND,9,-99,80,80,35,0,
5/25/2004,146,BELE-02,24,BB,100,-99,-99,-99,-99,-99,-99,-99,-99,-99,-99,
5/25/2004,146,FAGR-03,25,-99,-99,-99,-99,-99,-99,-99,-99,-99,-99,-99,-99,dead
5/25/2004,146,AMSP-03,26,BB,100,-99,-99,-99,-99,-99,-99,-99,-99,-99,-99,
5/25/2004,146,BEAL-03,27,BB,100,ND,0,0,ND,11,-99,78,75,30,M,
5/25/2004,146,HAVI-02,28,BB,100,ND,0,0,ND,11,-99,85,80,50,F,
5/25/2004,146,QURU-02,29,BB,100,ND,0,0,ND,-99,-99,63,35,0,0,
5/25/2004,146,ACRU-03,30,BB,100,BB,100,100,M,-99,-99,78,80,20,0,
5/25/2004,146,ACPE-04,31,BB,100,BB,100,100,F,18,18,75,75,25,F,
5/25/2004,146,QUVE-02,32,BB,100,-99,-99,-99,-99,-99,-99,-99,-99,-99,-99,
5/25/2004,146,ACRU-04,33,BB,100,BB,100,100,M,13,15,83,80,50,S,
5/25/2004,146,QUAL-02,34,BB,100,ND,0,0,ND,16,-99,53,20,0,0,
5/25/2004,146,CRSP-03,35,BB,100,-99,-99,-99,-99,-99,-99,-99,-99,-99,-99,
5/25/2004,146,BELE-03,36,BB,100,-99,-99,-99,-99,-99,-99,-99,-99,-99,-99,
5/25/2004,146,HAVI-03,37,BB,100,ND,0,0,ND,13,-99,83,80,45,S,
5/25/2004,146,QUVE-03,38,BB,99,-99,-99,-99,-99,-99,-99,-99,-99,-99,-99,
5/25/2004,146,QUVE-04,39,BB,100,-99,-99,-99,-99,-99,-99,-99,-99,-99,-99,
5/25/2004,146,QURU-03,40,BB,100,BB,100,100,ND,-99,-99,75,80,15,0,
5/25/2004,146,CRSP-02,41,BB,100,-99,-99,-99,-99,-99,-99,-99,-99,-99,-99,
5/25/2004,146,PRSE-02,42,BB,100,-99,-99,-99,-99,-99,-99,-99,-99,-99,-99,
5/25/2004,146,BEPA-02,43,BB,100,-99,-99,-99,-99,-99,-99,-99,-99,-99,-99,
5/25/2004,146,BEPA-03,44,BB,100,-99,-99,-99,-99,-99,-99,-99,-99,-99,-99,
5/25/2004,146,BEPA-04,45,BB,100,-99,-99,-99,-99,-99,-99,-99,-99,-99,-99,
5/25/2004,146,COAL-03,46,BB,100,-99,-99,-99,-99,-99,-99,-99,-99,-99,-99,first flwrs just open
5/25/2004,146,FRAM-02,47,BB,100,BB,100,100,M,-99,-99,73,70,0,0,
5/25/2004,146,FAGR-04,48,BB,100,-99,-99,-99,-99,-99,-99,-99,-99,-99,-99,
5/25/2004,146,QUAL-03,49,BB,100,ND,0,0,ND,15,-99,73,70,10,0,
5/25/2004,146,ACSA-02,50,BB,100,ND,0,0,ND,15,17,93,80,75,0,
5/25/2004,146,FRAM-03,51,BB,100,ND,0,0,ND,32,-99,78,70,15,0,
5/25/2004,146,POTR-04,52,BB,100,-99,-99,-99,-99,-99,-99,-99,-99,-99,-99,
5/25/2004,146,ACSA-03,53,BB,100,BB,100,100,ND,-99,-99,85,80,65,F,
5/25/2004,146,PRSE-04,54,BB,100,-99,-99,-99,-99,-99,-99,-99,-99,-99,-99,
5/25/2004,146,QURU-04,55,BB,100,BB,100,100,ND,15,-99,80,80,30,F,
5/25/2004,146,ACRU-05,56,BB,100,BB,100,100,F,12,13,83,80,40,M,fruit still on- not many this year
5/25/2004,146,FRAM-04,57,BB,100,BB,100,100,M,38,-99,70,65,15,S,
5/25/2004,146,POTR-02,58,BB,100,-99,-99,-99,-99,-99,-99,-99,-99,-99,-99,
5/31/2004,152,AMSP-01,1,BB,100,-99,-99,-99,-99,-99,-99,-99,-99,-99,-99,
5/31/2004,152,FRAM-01,2,BB,100,ND,0,0,ND,-99,-99,70,75,15,0,
5/31/2004,152,PRSE-01,3,BB,100,-99,-99,-99,-99,-99,-99,-99,-99,-99,-99,
5/31/2004,152,ACRU-01,4,BB,100,BB,100,100,M,-99,-99,83,80,65,S,
5/31/2004,152,COAL-01,5,BB,100,-99,-99,-99,-99,-99,-99,-99,-99,-99,-99,
5/31/2004,152,AMSP-02,6,BB,100,-99,-99,-99,-99,-99,-99,-99,-99,-99,-99,
5/31/2004,152,ACSA-01,7,BB,100,ND,0,0,ND,14,15,93,80,95,0,
5/31/2004,152,BELE-01,8,BB,100,-99,-99,-99,-99,-99,-99,-99,-99,-99,-99,
5/31/2004,152,BEAL-01,9,BB,100,ND,-99,-99,ND,13,-99,90,80,80,S,
5/31/2004,152,COAL-04,10,-99,-99,-99,-99,-99,-99,-99,-99,-99,-99,-99,-99,dead
5/31/2004,152,QURU-01,11,BB,100,BB,100,100,ND,-99,-99,70,75,0,0,
5/31/2004,152,QUAL-04,12,BB,100,ND,0,0,ND,11,-99,43,0,0,0,
5/31/2004,152,FAGR-01,13,BB,100,-99,-99,-99,-99,-99,-99,-99,-99,-99,-99,
5/31/2004,152,ACPE-01,14,BB,100,BB,100,100,M,20,20,83,80,60,S,
5/31/2004,152,QUVE-01,15,BB,100,-99,-99,-99,-99,-99,-99,-99,-99,-99,-99,
5/31/2004,152,BEPA-01,16,BB,100,-99,-99,-99,-99,-99,-99,-99,-99,-99,-99,
5/31/2004,152,CRSP-01,17,BB,100,-99,-99,-99,-99,-99,-99,-99,-99,-99,-99,
5/31/2004,152,ACRU-02,18,BB,100,BB,100,100,M,12,13,83,80,60,F,
5/31/2004,152,ACPE-02,19,BB,100,BB,100,100,M,22,20,68,75,35,F,
5/31/2004,152,FAGR-05,20,BB,100,-99,-99,-99,-99,-99,-99,-99,-99,-99,-99,
5/31/2004,152,ACPE-03,21,BB,100,BB,-99,-99,M,20,20,80,80,45,0,
5/31/2004,152,HAVI-01,22,BB,100,ND,0,0,ND,13,-99,78,80,40,F,
5/31/2004,152,BEAL-02,23,BB,100,ND,0,0,ND,9,-99,83,80,65,F,
5/31/2004,152,BELE-02,24,BB,100,-99,-99,-99,-99,-99,-99,-99,-99,-99,-99,
5/31/2004,152,FAGR-03,25,-99,-99,-99,-99,-99,-99,-99,-99,-99,-99,-99,-99,dead
5/31/2004,152,AMSP-03,26,BB,100,-99,-99,-99,-99,-99,-99,-99,-99,-99,-99,
5/31/2004,152,BEAL-03,27,BB,100,ND,0,0,ND,10,-99,85,80,70,M,
5/31/2004,152,HAVI-02,28,BB,100,ND,0,0,ND,11,-99,90,80,85,F,
5/31/2004,152,QURU-02,29,BB,100,ND,0,0,ND,-99,-99,78,80,15,0,
5/31/2004,152,ACRU-03,30,BB,100,BB,100,100,M,-99,-99,85,80,65,F,
5/31/2004,152,ACPE-04,31,BB,100,BB,100,100,F,21,20,78,80,30,S,fruit developing 
5/31/2004,152,QUVE-02,32,BB,100,-99,-99,-99,-99,-99,-99,-99,-99,-99,-99,
5/31/2004,152,ACRU-04,33,BB,100,BB,100,100,M,13,13,90,80,80,S,
5/31/2004,152,QUAL-02,34,BB,100,ND,0,0,ND,18,-99,65,70,10,0,
5/31/2004,152,CRSP-03,35,BB,100,-99,-99,-99,-99,-99,-99,-99,-99,-99,-99,
5/31/2004,152,BELE-03,36,BB,100,-99,-99,-99,-99,-99,-99,-99,-99,-99,-99,
5/31/2004,152,HAVI-03,37,BB,100,ND,0,0,ND,13,-99,88,80,80,F,
5/31/2004,152,QUVE-03,38,BB,100,-99,-99,-99,-99,-99,-99,-99,-99,-99,-99,
5/31/2004,152,QUVE-04,39,BB,100,-99,-99,-99,-99,-99,-99,-99,-99,-99,-99,
5/31/2004,152,QURU-03,40,BB,100,BB,100,100,ND,-99,-99,80,80,55,0
5/31/2004,152,CRSP-02,41,BB,100,-99,-99,-99,-99,-99,-99,-99,-99,-99,-99
5/31/2004,152,PRSE-02,42,BB,100,-99,-99,-99,-99,-99,-99,-99,-99,-99,-99
5/31/2004,152,BEPA-02,43,BB,100,-99,-99,-99,-99,-99,-99,-99,-99,-99,-99
5/31/2004,152,BEPA-03,44,BB,100,-99,-99,-99,-99,-99,-99,-99,-99,-99,-99
5/31/2004,152,BEPA-04,45,BB,100,-99,-99,-99,-99,-99,-99,-99,-99,-99,-99
5/31/2004,152,COAL-03,46,BB,100,-99,-99,-99,-99,-99,-99,-99,-99,-99,-99
5/31/2004,152,FRAM-02,47,BB,100,BB,100,100,M,-99,-99,80,80,50,0
5/31/2004,152,FAGR-04,48,BB,100,-99,-99,-99,-99,-99,-99,-99,-99,-99,-99
5/31/2004,152,QUAL-03,49,BB,100,ND,0,0,ND,15,-99,78,80,50,0
5/31/2004,152,ACSA-02,50,BB,100,ND,0,0,ND,15,15,98,80,97,0
5/31/2004,152,FRAM-03,51,BB,100,ND,0,0,ND,32,-99,78,80,50,0
5/31/2004,152,POTR-04,52,BB,100,-99,-99,-99,-99,-99,-99,-99,-99,-99,-99
5/31/2004,152,ACSA-03,53,BB,100,BB,100,100,ND,-99,-99,80,80,75,F
5/31/2004,152,PRSE-04,54,BB,100,-99,-99,-99,-99,-99,-99,-99,-99,-99,-99
5/31/2004,152,QURU-04,55,BB,100,BB,100,100,ND,15,-99,88,80,70,0
5/31/2004,152,ACRU-05,56,BB,100,BB,100,100,F,13,12,88,80,75,M,most fruit gone
5/31/2004,152,FRAM-04,57,BB,100,BB,100,100,M,38,-99,70,75,25,S,
5/31/2004,152,POTR-02,58,BB,100,-99,-99,-99,-99,-99,-99,-99,-99,-99,-99,
6/4/2004,156,AMSP-01,1,BB,100,-99,-99,-99,-99,-99,-99,-99,-99,-99,-99,
6/4/2004,156,FRAM-01,2,BB,100,ND,0,0,ND,-99,-99,80,80,60,0,
6/4/2004,156,PRSE-01,3,BB,100,-99,-99,-99,-99,-99,-99,-99,-99,-99,-99,
6/4/2004,156,ACRU-01,4,BB,100,BB,100,100,M,-99,-99,90,80,85,S,
6/4/2004,156,COAL-01,5,BB,100,-99,-99,-99,-99,-99,-99,-99,-99,-99,-99,
6/4/2004,156,AMSP-02,6,BB,100,-99,-99,-99,-99,-99,-99,-99,-99,-99,-99,
6/4/2004,156,ACSA-01,7,BB,100,ND,0,0,ND,14,15,98,80,97,0,
6/4/2004,156,BELE-01,8,BB,100,-99,-99,-99,-99,-99,-99,-99,-99,-99,-99,
6/4/2004,156,BEAL-01,9,BB,100,ND,-99,-99,ND,13,-99,95,80,95,S,
6/4/2004,156,COAL-04,10,-99,-99,-99,-99,-99,-99,-99,-99,-99,-99,-99,-99,dead
6/4/2004,156,QURU-01,11,BB,100,BB,100,100,ND,-99,-99,78,80,20,0,
6/4/2004,156,QUAL-04,12,BB,100,ND,0,0,ND,13,-99,70,70,0,0,
6/4/2004,156,FAGR-01,13,BB,100,-99,-99,-99,-99,-99,-99,-99,-99,-99,-99,
6/4/2004,156,ACPE-01,14,BB,100,BB,100,100,M,20,20,90,80,70,F,
6/4/2004,156,QUVE-01,15,BB,100,-99,-99,-99,-99,-99,-99,-99,-99,-99,-99,
6/4/2004,156,BEPA-01,16,BB,100,-99,-99,-99,-99,-99,-99,-99,-99,-99,-99,
6/4/2004,156,CRSP-01,17,BB,100,-99,-99,-99,-99,-99,-99,-99,-99,-99,-99,
6/4/2004,156,ACRU-02,18,BB,100,BB,100,100,M,12,13,90,80,85,S,
6/4/2004,156,ACPE-02,19,BB,100,BB,100,100,M,21,20,85,80,55,S,
6/4/2004,156,FAGR-05,20,BB,100,-99,-99,-99,-99,-99,-99,-99,-99,-99,-99,
6/4/2004,156,ACPE-03,21,BB,100,BB,-99,-99,M,20,20,93,80,90,F,
6/4/2004,156,HAVI-01,22,BB,100,ND,0,0,ND,13,-99,83,80,50,0,
6/4/2004,156,BEAL-02,23,BB,100,ND,0,0,ND,9,-99,88,80,70,F,
6/4/2004,156,BELE-02,24,BB,100,-99,-99,-99,-99,-99,-99,-99,-99,-99,-99,
6/4/2004,156,FAGR-03,25,-99,-99,-99,-99,-99,-99,-99,-99,-99,-99,-99,-99,dead
6/4/2004,156,AMSP-03,26,BB,100,-99,-99,-99,-99,-99,-99,-99,-99,-99,-99,
6/4/2004,156,BEAL-03,27,BB,100,ND,0,0,ND,11,-99,85,80,75,S,
6/4/2004,156,HAVI-02,28,BB,100,ND,0,0,ND,11,-99,93,80,90,F,
6/4/2004,156,QURU-02,29,BB,100,ND,0,0,ND,-99,-99,83,80,35,0,
6/4/2004,156,ACRU-03,30,BB,100,BB,100,100,M,-99,-99,93,80,90,F,
6/4/2004,156,ACPE-04,31,BB,100,BB,100,100,F,20,20,83,80,50,F,fruit developing
6/4/2004,156,QUVE-02,32,BB,100,-99,-99,-99,-99,-99,-99,-99,-99,-99,-99,
6/4/2004,156,ACRU-04,33,BB,100,BB,100,100,M,13,15,88,80,85,F,
6/4/2004,156,QUAL-02,34,BB,100,ND,0,0,ND,19,-99,78,75,15,0,
6/4/2004,156,CRSP-03,35,BB,100,-99,-99,-99,-99,-99,-99,-99,-99,-99,-99,
6/4/2004,156,BELE-03,36,BB,100,-99,-99,-99,-99,-99,-99,-99,-99,-99,-99,
6/4/2004,156,HAVI-03,37,BB,100,ND,0,0,ND,13,-99,93,80,85,F,
6/4/2004,156,QUVE-03,38,BB,100,-99,-99,-99,-99,-99,-99,-99,-99,-99,-99,
6/4/2004,156,QUVE-04,39,BB,100,-99,-99,-99,-99,-99,-99,-99,-99,-99,-99,
6/4/2004,156,QURU-03,40,BB,100,BB,100,100,ND,-99,-99,88,80,70,0,
6/4/2004,156,CRSP-02,41,BB,100,-99,-99,-99,-99,-99,-99,-99,-99,-99,-99,
6/4/2004,156,PRSE-02,42,BB,100,-99,-99,-99,-99,-99,-99,-99,-99,-99,-99,
6/4/2004,156,BEPA-02,43,BB,100,-99,-99,-99,-99,-99,-99,-99,-99,-99,-99,
6/4/2004,156,BEPA-03,44,BB,100,-99,-99,-99,-99,-99,-99,-99,-99,-99,-99,
6/4/2004,156,BEPA-04,45,BB,100,-99,-99,-99,-99,-99,-99,-99,-99,-99,-99,
6/4/2004,156,COAL-03,46,BB,100,-99,-99,-99,-99,-99,-99,-99,-99,-99,-99,
6/4/2004,156,FRAM-02,47,BB,100,BB,100,100,M,-99,-99,85,80,60,0,
6/4/2004,156,FAGR-04,48,BB,100,-99,-99,-99,-99,-99,-99,-99,-99,-99,-99,
6/4/2004,156,QUAL-03,49,BB,100,ND,0,0,ND,15,-99,85,80,60,0,
6/4/2004,156,ACSA-02,50,BB,100,ND,0,0,ND,15,15,98,80,97,0,
6/4/2004,156,FRAM-03,51,BB,100,ND,0,0,ND,32,-99,83,80,50,0,
6/4/2004,156,POTR-04,52,BB,100,-99,-99,-99,-99,-99,-99,-99,-99,-99,-99,
6/4/2004,156,ACSA-03,53,BB,100,BB,100,100,ND,-99,-99,90,80,75,F,
6/4/2004,156,PRSE-04,54,BB,100,-99,-99,-99,-99,-99,-99,-99,-99,-99,-99,
6/4/2004,156,QURU-04,55,BB,100,BB,100,100,ND,15,-99,93,80,85,0,
6/4/2004,156,ACRU-05,56,BB,100,BB,100,100,F,13,13,95,80,95,M,fruit gone
6/4/2004,156,FRAM-04,57,BB,100,BB,100,100,M,37,-99,80,80,50,S,
6/4/2004,156,POTR-02,58,BB,100,-99,-99,-99,-99,-99,-99,-99,-99,-99,-99,
6/11/2004,163,AMSP-01,1,BB,100,-99,-99,-99,-99,-99,-99,-99,-99,-99,-99,
6/11/2004,163,FRAM-01,2,BB,100,ND,0,0,ND,-99,-99,88,80,75,F,
6/11/2004,163,PRSE-01,3,BB,100,-99,-99,-99,-99,-99,-99,-99,-99,-99,-99,
6/11/2004,163,ACRU-01,4,BB,100,BB,100,100,M,-99,-99,93,80,90,M,
6/11/2004,163,COAL-01,5,BB,100,-99,-99,-99,-99,-99,-99,-99,-99,-99,-99,
6/11/2004,163,AMSP-02,6,BB,100,-99,-99,-99,-99,-99,-99,-99,-99,-99,-99,
6/11/2004,163,ACSA-01,7,BB,100,ND,0,0,ND,14,15,98,80,97,0,
6/11/2004,163,BELE-01,8,BB,100,-99,-99,-99,-99,-99,-99,-99,-99,-99,-99,
6/11/2004,163,BEAL-01,9,BB,100,ND,-99,-99,ND,13,-99,98,80,97,M,
6/11/2004,163,COAL-04,10,-99,-99,-99,-99,-99,-99,-99,-99,-99,-99,-99,-99,dead
6/11/2004,163,QURU-01,11,BB,100,BB,100,100,ND,-99,-99,90,80,70,0,
6/11/2004,163,QUAL-04,12,BB,100,ND,0,0,ND,14,-99,83,80,30,0,
6/11/2004,163,FAGR-01,13,BB,100,-99,-99,-99,-99,-99,-99,-99,-99,-99,-99,
6/11/2004,163,ACPE-01,14,BB,100,BB,100,100,M,22,20,90,80,90,S,
6/11/2004,163,QUVE-01,15,BB,100,-99,-99,-99,-99,-99,-99,-99,-99,-99,-99,
6/11/2004,163,BEPA-01,16,BB,100,-99,-99,-99,-99,-99,-99,-99,-99,-99,-99,
6/11/2004,163,CRSP-01,17,BB,100,-99,-99,-99,-99,-99,-99,-99,-99,-99,-99,
6/11/2004,163,ACRU-02,18,BB,100,BB,100,100,M,12,13,95,80,95,S,
6/11/2004,163,ACPE-02,19,BB,100,BB,100,100,M,22,20,88,80,70,S,
6/11/2004,163,FAGR-05,20,BB,100,-99,-99,-99,-99,-99,-99,-99,-99,-99,-99,
6/11/2004,163,ACPE-03,21,BB,100,BB,-99,-99,M,20,20,95,80,95,F,
6/11/2004,163,HAVI-01,22,BB,100,ND,0,0,ND,13,-99,88,80,75,0,
6/11/2004,163,BEAL-02,23,BB,100,ND,0,0,ND,9,-99,93,80,90,S,
6/11/2004,163,BELE-02,24,BB,100,-99,-99,-99,-99,-99,-99,-99,-99,-99,-99,
6/11/2004,163,FAGR-03,25,-99,-99,-99,-99,-99,-99,-99,-99,-99,-99,-99,-99,dead
6/11/2004,163,AMSP-03,26,BB,100,-99,-99,-99,-99,-99,-99,-99,-99,-99,-99,
6/11/2004,163,BEAL-03,27,BB,100,ND,0,0,ND,11,-99,93,80,85,M,
6/11/2004,163,HAVI-02,28,BB,100,ND,0,0,ND,12,-99,98,80,95,0,
6/11/2004,163,QURU-02,29,BB,100,ND,0,0,ND,-99,-99,90,80,80,0,
6/11/2004,163,ACRU-03,30,BB,100,BB,100,100,M,-99,-99,95,80,97,0,
6/11/2004,163,ACPE-04,31,BB,100,BB,100,100,F,22,20,90,80,70,F,
6/11/2004,163,QUVE-02,32,BB,100,-99,-99,-99,-99,-99,-99,-99,-99,-99,-99,
6/11/2004,163,ACRU-04,33,BB,100,BB,100,100,M,14,15,98,80,97,F,
6/11/2004,163,QUAL-02,34,BB,100,ND,0,0,ND,18,-99,88,80,65,0,
6/11/2004,163,CRSP-03,35,BB,100,-99,-99,-99,-99,-99,-99,-99,-99,-99,-99,
6/11/2004,163,BELE-03,36,BB,100,-99,-99,-99,-99,-99,-99,-99,-99,-99,-99
6/11/2004,163,HAVI-03,37,BB,100,ND,0,0,ND,13,-99,95,80,95,0
6/11/2004,163,QUVE-03,38,BB,100,-99,-99,-99,-99,-99,-99,-99,-99,-99,-99
6/11/2004,163,QUVE-04,39,BB,100,-99,-99,-99,-99,-99,-99,-99,-99,-99,-99
6/11/2004,163,QURU-03,40,BB,100,BB,100,100,ND,-99,-99,93,80,90,0
6/11/2004,163,CRSP-02,41,BB,100,-99,-99,-99,-99,-99,-99,-99,-99,-99,-99
6/11/2004,163,PRSE-02,42,BB,100,-99,-99,-99,-99,-99,-99,-99,-99,-99,-99
6/11/2004,163,BEPA-02,43,BB,100,-99,-99,-99,-99,-99,-99,-99,-99,-99,-99
6/11/2004,163,BEPA-03,44,BB,100,-99,-99,-99,-99,-99,-99,-99,-99,-99,-99
6/11/2004,163,BEPA-04,45,BB,100,-99,-99,-99,-99,-99,-99,-99,-99,-99,-99
6/11/2004,163,COAL-03,46,BB,100,-99,-99,-99,-99,-99,-99,-99,-99,-99,-99
6/11/2004,163,FRAM-02,47,BB,100,BB,100,100,M,-99,-99,98,80,97,0
6/11/2004,163,FAGR-04,48,BB,100,-99,-99,-99,-99,-99,-99,-99,-99,-99,-99
6/11/2004,163,QUAL-03,49,BB,100,ND,0,0,ND,15,-99,93,80,80,0
6/11/2004,163,ACSA-02,50,BB,100,ND,0,0,ND,15,16,100,80,97,0
6/11/2004,163,FRAM-03,51,BB,100,ND,0,0,ND,32,-99,90,80,80,0
6/11/2004,163,POTR-04,52,BB,100,-99,-99,-99,-99,-99,-99,-99,-99,-99,-99
6/11/2004,163,ACSA-03,53,BB,100,BB,100,100,ND,-99,-99,95,80,95,0
6/11/2004,163,PRSE-04,54,BB,100,-99,-99,-99,-99,-99,-99,-99,-99,-99,-99
6/11/2004,163,QURU-04,55,BB,100,BB,100,100,ND,15,-99,98,80,97,0
6/11/2004,163,ACRU-05,56,BB,100,BB,100,100,F,13,12,96,80,97,M
6/11/2004,163,FRAM-04,57,BB,100,BB,100,100,M,38,-99,90,80,80,S
6/11/2004,163,POTR-02,58,BB,100,-99,-99,-99,-99,-99,-99,-99,-99,-99,-99
6/17/2004,169,AMSP-01,1,BB,100,-99,-99,-99,-99,-99,-99,-99,-99,-99,-99
6/17/2004,169,FRAM-01,2,BB,100,ND,0,0,ND,-99,-99,93,80,85,0
6/17/2004,169,PRSE-01,3,BB,100,-99,-99,-99,-99,-99,-99,-99,-99,-99,-99
6/17/2004,169,ACRU-01,4,BB,100,BB,100,100,M,-99,-99,98,80,97,M
6/17/2004,169,COAL-01,5,BB,100,-99,-99,-99,-99,-99,-99,-99,-99,-99,-99
6/17/2004,169,AMSP-02,6,BB,100,-99,-99,-99,-99,-99,-99,-99,-99,-99,-99
6/17/2004,169,ACSA-01,7,BB,100,ND,0,0,ND,14,15,100,80,97,0
6/17/2004,169,BELE-01,8,BB,100,-99,-99,-99,-99,-99,-99,-99,-99,-99,-99
6/17/2004,169,BEAL-01,9,BB,100,ND,-99,-99,ND,13,-99,100,80,97,S
6/17/2004,169,COAL-04,10,-99,-99,-99,-99,-99,-99,-99,-99,-99,-99,-99,-99,dead
6/17/2004,169,QURU-01,11,BB,100,BB,100,100,ND,-99,-99,95,80,95,0,
6/17/2004,169,QUAL-04,12,BB,100,ND,0,0,ND,14,-99,90,80,75,0,
6/17/2004,169,FAGR-01,13,BB,100,-99,-99,-99,-99,-99,-99,-99,-99,-99,-99,
6/17/2004,169,ACPE-01,14,BB,100,BB,100,100,M,22,20,95,80,95,S,
6/17/2004,169,QUVE-01,15,BB,100,-99,-99,-99,-99,-99,-99,-99,-99,-99,-99,
6/17/2004,169,BEPA-01,16,BB,100,-99,-99,-99,-99,-99,-99,-99,-99,-99,-99,
6/17/2004,169,CRSP-01,17,BB,100,-99,-99,-99,-99,-99,-99,-99,-99,-99,-99,
6/17/2004,169,ACRU-02,18,BB,100,BB,100,100,M,12,13,98,80,97,F,
6/17/2004,169,ACPE-02,19,BB,100,BB,100,100,M,21,20,93,80,90,S,
6/17/2004,169,FAGR-05,20,BB,100,-99,-99,-99,-99,-99,-99,-99,-99,-99,-99,
6/17/2004,169,ACPE-03,21,BB,100,BB,-99,-99,M,20,20,98,80,97,F,
6/17/2004,169,HAVI-01,22,BB,100,ND,0,0,ND,13,-99,95,80,95,0,
6/17/2004,169,BEAL-02,23,BB,100,ND,0,0,ND,9,-99,95,80,95,0,
6/17/2004,169,BELE-02,24,BB,100,-99,-99,-99,-99,-99,-99,-99,-99,-99,-99,
6/17/2004,169,FAGR-03,25,-99,-99,-99,-99,-99,-99,-99,-99,-99,-99,-99,-99,dead
6/17/2004,169,AMSP-03,26,BB,100,-99,-99,-99,-99,-99,-99,-99,-99,-99,-99
6/17/2004,169,BEAL-03,27,BB,100,ND,0,0,ND,11,-99,93,80,90,S
6/17/2004,169,HAVI-02,28,BB,100,ND,0,0,ND,11,-99,98,80,97,F
6/17/2004,169,QURU-02,29,BB,100,ND,0,0,ND,-99,-99,95,80,95,0
6/17/2004,169,ACRU-03,30,BB,100,BB,100,100,M,-99,-99,98,80,97,0
6/17/2004,169,ACPE-04,31,BB,100,BB,100,100,F,22,20,93,80,90,S
6/17/2004,169,QUVE-02,32,BB,100,-99,-99,-99,-99,-99,-99,-99,-99,-99,-99
6/17/2004,169,ACRU-04,33,BB,100,BB,100,100,M,13,15,98,80,97,F
6/17/2004,169,QUAL-02,34,BB,100,ND,0,0,ND,18,-99,93,80,90,0
6/17/2004,169,CRSP-03,35,BB,100,-99,-99,-99,-99,-99,-99,-99,-99,-99,-99
6/17/2004,169,BELE-03,36,BB,100,-99,-99,-99,-99,-99,-99,-99,-99,-99,-99
6/17/2004,169,HAVI-03,37,BB,100,ND,0,0,ND,13,-99,98,80,97,S
6/17/2004,169,QUVE-03,38,BB,100,-99,-99,-99,-99,-99,-99,-99,-99,-99,-99
6/17/2004,169,QUVE-04,39,BB,100,-99,-99,-99,-99,-99,-99,-99,-99,-99,-99
6/17/2004,169,QURU-03,40,BB,100,BB,100,100,ND,-99,-99,96,80,97,0
6/17/2004,169,CRSP-02,41,BB,100,-99,-99,-99,-99,-99,-99,-99,-99,-99,-99
6/17/2004,169,PRSE-02,42,BB,100,-99,-99,-99,-99,-99,-99,-99,-99,-99,-99
6/17/2004,169,BEPA-02,43,BB,100,-99,-99,-99,-99,-99,-99,-99,-99,-99,-99
6/17/2004,169,BEPA-03,44,BB,100,-99,-99,-99,-99,-99,-99,-99,-99,-99,-99
6/17/2004,169,BEPA-04,45,BB,100,-99,-99,-99,-99,-99,-99,-99,-99,-99,-99
6/17/2004,169,COAL-03,46,BB,100,-99,-99,-99,-99,-99,-99,-99,-99,-99,-99
6/17/2004,169,FRAM-02,47,BB,100,BB,100,100,M,-99,-99,98,80,97,0
6/17/2004,169,FAGR-04,48,BB,100,-99,-99,-99,-99,-99,-99,-99,-99,-99,-99
6/17/2004,169,QUAL-03,49,BB,100,ND,0,0,ND,18,-99,96,80,97,0
6/17/2004,169,ACSA-02,50,BB,100,ND,0,0,ND,15,17,100,80,97,0
6/17/2004,169,FRAM-03,51,BB,100,ND,0,0,ND,30,-99,95,80,95,0
6/17/2004,169,POTR-04,52,BB,100,-99,-99,-99,-99,-99,-99,-99,-99,-99,-99
6/17/2004,169,ACSA-03,53,BB,100,BB,100,100,ND,-99,-99,98,80,97,0
6/17/2004,169,PRSE-04,54,BB,100,-99,-99,-99,-99,-99,-99,-99,-99,-99,-99
6/17/2004,169,QURU-04,55,BB,100,BB,100,100,ND,15,-99,100,80,97,0
6/17/2004,169,ACRU-05,56,BB,100,BB,100,100,F,13,12,98,80,97,M
6/17/2004,169,FRAM-04,57,BB,100,BB,100,100,M,38,-99,93,80,90,S
6/17/2004,169,POTR-02,58,BB,100,-99,-99,-99,-99,-99,-99,-99,-99,-99,-99,
6/25/2004,177,AMSP-01,1,BB,100,-99,-99,-99,-99,-99,-99,-99,-99,-99,-99,
6/25/2004,177,FRAM-01,2,BB,100,ND,0,0,ND,-99,-99,96,80,97,0,
6/25/2004,177,PRSE-01,3,BB,100,-99,-99,-99,-99,-99,-99,-99,-99,-99,-99,
6/25/2004,177,ACRU-01,4,BB,100,BB,100,100,M,-99,-99,98,80,97,S,
6/25/2004,177,COAL-01,5,BB,100,-99,-99,-99,-99,-99,-99,-99,-99,-99,-99,
6/25/2004,177,AMSP-02,6,BB,100,-99,-99,-99,-99,-99,-99,-99,-99,-99,-99,
6/25/2004,177,ACSA-01,7,BB,100,ND,0,0,ND,14,15,100,80,97,0,
6/25/2004,177,BELE-01,8,BB,100,-99,-99,-99,-99,-99,-99,-99,-99,-99,-99,
6/25/2004,177,BEAL-01,9,BB,100,ND,-99,-99,ND,13,-99,100,80,97,S,
6/25/2004,177,COAL-04,10,-99,-99,-99,-99,-99,-99,-99,-99,-99,-99,-99,-99,dead
6/25/2004,177,QURU-01,11,BB,100,BB,100,100,ND,-99,-99,98,80,97,0,
6/25/2004,177,QUAL-04,12,BB,100,ND,0,0,ND,14,-99,98,80,97,0,
6/25/2004,177,FAGR-01,13,BB,100,-99,-99,-99,-99,-99,-99,-99,-99,-99,-99,
6/25/2004,177,ACPE-01,14,BB,100,BB,100,100,M,22,20,96,80,97,F,
6/25/2004,177,QUVE-01,15,BB,100,-99,-99,-99,-99,-99,-99,-99,-99,-99,-99,
6/25/2004,177,BEPA-01,16,BB,100,-99,-99,-99,-99,-99,-99,-99,-99,-99,-99,
6/25/2004,177,CRSP-01,17,BB,100,-99,-99,-99,-99,-99,-99,-99,-99,-99,-99,
6/25/2004,177,ACRU-02,18,BB,100,BB,100,100,M,12,13,100,80,97,F,
6/25/2004,177,ACPE-02,19,BB,100,BB,100,100,M,21,21,96,80,97,F,
6/25/2004,177,FAGR-05,20,BB,100,-99,-99,-99,-99,-99,-99,-99,-99,-99,-99,
6/25/2004,177,ACPE-03,21,BB,100,BB,-99,-99,M,20,21,98,80,97,F,
6/25/2004,177,HAVI-01,22,BB,100,ND,0,0,ND,13,-99,99,80,97,0,
6/25/2004,177,BEAL-02,23,BB,100,ND,0,0,ND,9,-99,99,80,97,F,
6/25/2004,177,BELE-02,24,BB,100,-99,-99,-99,-99,-99,-99,-99,-99,-99,-99,
6/25/2004,177,FAGR-03,25,-99,-99,-99,-99,-99,-99,-99,-99,-99,-99,-99,-99,dead
6/25/2004,177,AMSP-03,26,BB,100,-99,-99,-99,-99,-99,-99,-99,-99,-99,-99,
6/25/2004,177,BEAL-03,27,BB,100,ND,0,0,ND,11,-99,96,80,95,S,
6/25/2004,177,HAVI-02,28,BB,100,ND,0,0,ND,11,-99,100,80,97,F,
6/25/2004,177,QURU-02,29,BB,100,ND,0,0,ND,-99,-99,98,80,97,0,
6/25/2004,177,ACRU-03,30,BB,100,BB,100,100,M,-99,-99,100,80,97,0,
6/25/2004,177,ACPE-04,31,BB,100,BB,100,100,F,22,20,95,80,95,F,
6/25/2004,177,QUVE-02,32,BB,100,-99,-99,-99,-99,-99,-99,-99,-99,-99,-99
6/25/2004,177,ACRU-04,33,BB,100,BB,100,100,M,13,15,100,80,97,0
6/25/2004,177,QUAL-02,34,BB,100,ND,0,0,ND,18,-99,98,80,97,0
6/25/2004,177,CRSP-03,35,BB,100,-99,-99,-99,-99,-99,-99,-99,-99,-99,-99
6/25/2004,177,BELE-03,36,BB,100,-99,-99,-99,-99,-99,-99,-99,-99,-99,-99
6/25/2004,177,HAVI-03,37,BB,100,ND,0,0,ND,13,-99,100,80,97,F
6/25/2004,177,QUVE-03,38,BB,100,-99,-99,-99,-99,-99,-99,-99,-99,-99,-99
6/25/2004,177,QUVE-04,39,BB,100,-99,-99,-99,-99,-99,-99,-99,-99,-99,-99
6/25/2004,177,QURU-03,40,BB,100,BB,100,100,ND,-99,-99,98,80,97,0
6/25/2004,177,CRSP-02,41,BB,100,-99,-99,-99,-99,-99,-99,-99,-99,-99,-99
6/25/2004,177,PRSE-02,42,BB,100,-99,-99,-99,-99,-99,-99,-99,-99,-99,-99
6/25/2004,177,BEPA-02,43,BB,100,-99,-99,-99,-99,-99,-99,-99,-99,-99,-99
6/25/2004,177,BEPA-03,44,BB,100,-99,-99,-99,-99,-99,-99,-99,-99,-99,-99
6/25/2004,177,BEPA-04,45,BB,100,-99,-99,-99,-99,-99,-99,-99,-99,-99,-99
6/25/2004,177,COAL-03,46,BB,100,-99,-99,-99,-99,-99,-99,-99,-99,-99,-99
6/25/2004,177,FRAM-02,47,BB,100,BB,100,100,M,-99,-99,100,80,97,0
6/25/2004,177,FAGR-04,48,BB,100,-99,-99,-99,-99,-99,-99,-99,-99,-99,-99
6/25/2004,177,QUAL-03,49,BB,100,ND,0,0,ND,18,-99,100,80,97,0
6/25/2004,177,ACSA-02,50,BB,100,ND,0,0,ND,15,17,100,80,97,0
6/25/2004,177,FRAM-03,51,BB,100,ND,0,0,ND,30,-99,98,80,97,0
6/25/2004,177,POTR-04,52,BB,100,-99,-99,-99,-99,-99,-99,-99,-99,-99,-99
6/25/2004,177,ACSA-03,53,BB,100,BB,100,100,ND,-99,-99,100,80,97,0
6/25/2004,177,PRSE-04,54,BB,100,-99,-99,-99,-99,-99,-99,-99,-99,-99,-99
6/25/2004,177,QURU-04,55,BB,100,BB,100,100,ND,15,-99,100,80,97,0
6/25/2004,177,ACRU-05,56,BB,100,BB,100,100,F,13,12,99,80,97,S
6/25/2004,177,FRAM-04,57,BB,100,BB,100,100,M,38,-99,95,80,95,S
6/25/2004,177,POTR-02,58,BB,100,-99,-99,-99,-99,-99,-99,-99,-99,-99,-99
