DATE,JULIAN,TREEID,CIRCUIT,BCON,BBRK,FBUD,FOPN,FPST,SEX,LEN,WID,LFIN,L75,L95,TIP,COMMENTS
4/3/2002,93,ACPE-01,20,MS,0,ND,0,0,,0,0,0,0,0,0,
4/3/2002,93,ACPE-02,25,MS,0,ND,0,0,,0,0,0,0,0,0,
4/3/2002,93,ACPE-03,27,SS,0,ND,0,0,,0,0,0,0,0,0,
4/3/2002,93,ACPE-04,39,SS,0,ND,0,0,,0,0,0,0,0,0,
4/3/2002,93,ACRU-01,5,MS,0,VS,0,0,,0,0,0,0,0,0,
4/3/2002,93,ACRU-02,24,MS,0,VS,0,0,,0,0,0,0,0,0,
4/3/2002,93,ACRU-03,38,MS,0,VS,0,0,,0,0,0,0,0,0,
4/3/2002,93,ACRU-04,41,MS,0,VS,0,0,,0,0,0,0,0,0,
4/3/2002,93,ACRU-05,65,MS,0,VS,0,0,,0,0,0,0,0,0,
4/3/2002,93,ACSA-01,9,SS,0,ND,0,0,,0,0,0,0,0,0,
4/3/2002,93,ACSA-02,58,SS,0,ND,0,0,,0,0,0,0,0,0,
4/3/2002,93,ACSA-03,62,SS,0,ND,0,0,,0,0,0,0,0,0,
4/3/2002,93,AMSP-01,1,-99,-99,-99,-99,-99,-99,-99,-99,-99,-99,-99,-99,
4/3/2002,93,AMSP-02,8,-99,-99,-99,-99,-99,-99,-99,-99,-99,-99,-99,-99,
4/3/2002,93,AMSP-03,34,-99,-99,-99,-99,-99,-99,-99,-99,-99,-99,-99,-99,
4/3/2002,93,BEAL-01,13,MS,0,ND,0,0,,0,0,0,0,0,0
4/3/2002,93,BEAL-02,29,SS,0,ND,0,0,,0,0,0,0,0,0
4/3/2002,93,BEAL-03,35,SS,0,ND,0,0,,0,0,0,0,0,0
4/3/2002,93,BELE-01,10,-99,-99,-99,-99,-99,-99,-99,-99,-99,-99,-99,-99
4/3/2002,93,BELE-02,30,-99,-99,-99,-99,-99,-99,-99,-99,-99,-99,-99,-99
4/3/2002,93,BELE-03,44,-99,-99,-99,-99,-99,-99,-99,-99,-99,-99,-99,-99
4/3/2002,93,BEPA-01,22,-99,-99,-99,-99,-99,-99,-99,-99,-99,-99,-99,-99
4/3/2002,93,BEPA-02,51,-99,-99,-99,-99,-99,-99,-99,-99,-99,-99,-99,-99
4/3/2002,93,BEPA-03,52,-99,-99,-99,-99,-99,-99,-99,-99,-99,-99,-99,-99
4/3/2002,93,BEPA-04,53,-99,-99,-99,-99,-99,-99,-99,-99,-99,-99,-99,-99
4/3/2002,93,COAL-01,7,-99,-99,-99,-99,-99,-99,-99,-99,-99,-99,-99,-99
4/3/2002,93,COAL-03,54,-99,-99,-99,-99,-99,-99,-99,-99,-99,-99,-99,-99
4/3/2002,93,COAL-04,14,-99,-99,-99,-99,-99,-99,-99,-99,-99,-99,-99,-99
4/3/2002,93,CRSP-01,23,-99,-99,-99,-99,-99,-99,-99,-99,-99,-99,-99,-99
4/3/2002,93,CRSP-02,49,-99,-99,-99,-99,-99,-99,-99,-99,-99,-99,-99,-99
4/3/2002,93,CRSP-03,43,-99,-99,-99,-99,-99,-99,-99,-99,-99,-99,-99,-99
4/3/2002,93,FAGR-01,18,-99,-99,-99,-99,-99,-99,-99,-99,-99,-99,-99,-99
4/3/2002,93,FAGR-02,26,-99,-99,-99,-99,-99,-99,-99,-99,-99,-99,-99,-99
4/3/2002,93,FAGR-03,33,-99,-99,-99,-99,-99,-99,-99,-99,-99,-99,-99,-99
4/3/2002,93,FAGR-04,56,-99,-99,-99,-99,-99,-99,-99,-99,-99,-99,-99,-99
4/3/2002,93,FRAM-01,2,NS,0,ND,0,0,,0,0,0,0,0,0
4/3/2002,93,FRAM-02,55,NS,0,ND,0,0,,0,0,0,0,0,0
4/3/2002,93,FRAM-03,59,NS,0,ND,0,0,,0,0,0,0,0,0
4/3/2002,93,FRAM-04,66,NS,0,ND,0,0,,0,0,0,0,0,0
4/3/2002,93,HAVI-01,28,NS,0,ND,0,0,,0,0,0,0,0,0
4/3/2002,93,HAVI-02,36,SS,0,ND,0,0,,0,0,0,0,0,0
4/3/2002,93,HAVI-03,45,SS,0,ND,0,0,,0,0,0,0,0,0
4/3/2002,93,POTR-02,67,-99,-99,-99,-99,-99,-99,-99,-99,-99,-99,-99,-99
4/3/2002,93,POTR-04,61,-99,-99,-99,-99,-99,-99,-99,-99,-99,-99,-99,-99
4/3/2002,93,PRSE-01,3,-99,-99,-99,-99,-99,-99,-99,-99,-99,-99,-99,-99
4/3/2002,93,PRSE-02,50,-99,-99,-99,-99,-99,-99,-99,-99,-99,-99,-99,-99
4/3/2002,93,PRSE-04,63,-99,-99,-99,-99,-99,-99,-99,-99,-99,-99,-99,-99
4/3/2002,93,QUAL-02,42,NS,0,ND,0,0,,0,0,0,0,0,0
4/3/2002,93,QUAL-03,57,NS,0,ND,0,0,,0,0,0,0,0,0
4/3/2002,93,QUAL-04,17,NS,0,ND,0,0,,0,0,0,0,0,0
4/3/2002,93,QURU-01,15,NS,0,ND,0,0,,0,0,0,0,0,0
4/3/2002,93,QURU-02,37,NS,0,ND,0,0,,0,0,0,0,0,0
4/3/2002,93,QURU-03,48,NS,0,ND,0,0,,0,0,0,0,0,0
4/3/2002,93,QURU-04,64,SS,0,ND,0,0,,0,0,0,0,0,0
4/3/2002,93,QUVE-01,21,-99,-99,-99,-99,-99,-99,-99,-99,-99,-99,-99,-99
4/3/2002,93,QUVE-02,40,-99,-99,-99,-99,-99,-99,-99,-99,-99,-99,-99,-99
4/3/2002,93,QUVE-03,46,-99,-99,-99,-99,-99,-99,-99,-99,-99,-99,-99,-99
4/3/2002,93,QUVE-04,47,-99,-99,-99,-99,-99,-99,-99,-99,-99,-99,-99,-99
4/3/2002,93,SAPU-01,6,-99,-99,-99,-99,-99,-99,-99,-99,-99,-99,-99,-99
4/3/2002,93,SAPU-02,60,-99,-99,-99,-99,-99,-99,-99,-99,-99,-99,-99,-99
4/3/2002,93,SAPU-03,11,-99,-99,-99,-99,-99,-99,-99,-99,-99,-99,-99,-99
4/3/2002,93,SAPU-04,12,-99,-99,-99,-99,-99,-99,-99,-99,-99,-99,-99,-99
4/3/2002,93,VIAL-01,19,-99,-99,-99,-99,-99,-99,-99,-99,-99,-99,-99,-99
4/3/2002,93,VIAL-02,32,-99,-99,-99,-99,-99,-99,-99,-99,-99,-99,-99,-99
4/3/2002,93,VICA-01,4,-99,-99,-99,-99,-99,-99,-99,-99,-99,-99,-99,-99
4/3/2002,93,VICA-02,16,-99,-99,-99,-99,-99,-99,-99,-99,-99,-99,-99,-99
4/3/2002,93,VICA-03,31,-99,-99,-99,-99,-99,-99,-99,-99,-99,-99,-99,-99
4/8/2002,98,ACPE-01,20,MS,0,ND,0,0,,0,0,0,0,0,0
4/8/2002,98,ACPE-02,25,SS,0,ND,0,0,,0,0,0,0,0,0
4/8/2002,98,ACPE-03,27,SS,0,ND,0,0,,0,0,0,0,0,0
4/8/2002,98,ACPE-04,39,SS,0,ND,0,0,,0,0,0,0,0,0
4/8/2002,98,ACRU-01,5,MS,0,VS,0,0,,0,0,0,0,0,0
4/8/2002,98,ACRU-02,24,MS,0,VS,0,0,,0,0,0,0,0,0
4/8/2002,98,ACRU-03,38,MS,0,VS,0,0,,0,0,0,0,0,0
4/8/2002,98,ACRU-04,41,MS,0,VS,0,0,,0,0,0,0,0,0
4/8/2002,98,ACRU-05,65,MS,0,VS,0,0,,0,0,0,0,0,0
4/8/2002,98,ACSA-01,9,SS,0,ND,0,0,,0,0,0,0,0,0
4/8/2002,98,ACSA-02,58,SS,0,ND,0,0,,0,0,0,0,0,0
4/8/2002,98,ACSA-03,62,SS,0,ND,0,0,,0,0,0,0,0,0
4/8/2002,98,AMSP-01,1,-99,-99,-99,-99,-99,-99,-99,-99,-99,-99,-99,-99
4/8/2002,98,AMSP-02,8,-99,-99,-99,-99,-99,-99,-99,-99,-99,-99,-99,-99
4/8/2002,98,AMSP-03,34,-99,-99,-99,-99,-99,-99,-99,-99,-99,-99,-99,-99
4/8/2002,98,BEAL-01,13,MS,0,ND,0,0,,0,0,0,0,0,0
4/8/2002,98,BEAL-02,29,SS,0,ND,0,0,,0,0,0,0,0,0
4/8/2002,98,BEAL-03,35,SS,0,ND,0,0,,0,0,0,0,0,0
4/8/2002,98,BELE-01,10,-99,-99,-99,-99,-99,-99,-99,-99,-99,-99,-99,-99
4/8/2002,98,BELE-02,30,-99,-99,-99,-99,-99,-99,-99,-99,-99,-99,-99,-99
4/8/2002,98,BELE-03,44,-99,-99,-99,-99,-99,-99,-99,-99,-99,-99,-99,-99
4/8/2002,98,BEPA-01,22,-99,-99,-99,-99,-99,-99,-99,-99,-99,-99,-99,-99
4/8/2002,98,BEPA-02,51,-99,-99,-99,-99,-99,-99,-99,-99,-99,-99,-99,-99
4/8/2002,98,BEPA-03,52,-99,-99,-99,-99,-99,-99,-99,-99,-99,-99,-99,-99
4/8/2002,98,BEPA-04,53,-99,-99,-99,-99,-99,-99,-99,-99,-99,-99,-99,-99
4/8/2002,98,COAL-01,7,-99,-99,-99,-99,-99,-99,-99,-99,-99,-99,-99,-99
4/8/2002,98,COAL-03,54,-99,-99,-99,-99,-99,-99,-99,-99,-99,-99,-99,-99
4/8/2002,98,COAL-04,14,-99,-99,-99,-99,-99,-99,-99,-99,-99,-99,-99,-99
4/8/2002,98,CRSP-01,23,-99,-99,-99,-99,-99,-99,-99,-99,-99,-99,-99,-99
4/8/2002,98,CRSP-02,49,-99,-99,-99,-99,-99,-99,-99,-99,-99,-99,-99,-99
4/8/2002,98,CRSP-03,43,-99,-99,-99,-99,-99,-99,-99,-99,-99,-99,-99,-99
4/8/2002,98,FAGR-01,18,-99,-99,-99,-99,-99,-99,-99,-99,-99,-99,-99,-99
4/8/2002,98,FAGR-02,26,-99,-99,-99,-99,-99,-99,-99,-99,-99,-99,-99,-99
4/8/2002,98,FAGR-03,33,-99,-99,-99,-99,-99,-99,-99,-99,-99,-99,-99,-99
4/8/2002,98,FAGR-04,56,-99,-99,-99,-99,-99,-99,-99,-99,-99,-99,-99,-99
4/8/2002,98,FRAM-01,2,NS,0,ND,0,0,,0,0,0,0,0,0
4/8/2002,98,FRAM-02,55,NS,0,ND,0,0,,0,0,0,0,0,0
4/8/2002,98,FRAM-03,59,NS,0,ND,0,0,,0,0,0,0,0,0
4/8/2002,98,FRAM-04,66,NS,0,ND,0,0,,0,0,0,0,0,0
4/8/2002,98,HAVI-01,28,SS,0,ND,0,0,,0,0,0,0,0,0
4/8/2002,98,HAVI-02,36,SS,0,ND,0,0,,0,0,0,0,0,0
4/8/2002,98,HAVI-03,45,SS,0,ND,0,0,,0,0,0,0,0,0
4/8/2002,98,POTR-02,67,-99,-99,-99,-99,-99,-99,-99,-99,-99,-99,-99,-99
4/8/2002,98,POTR-04,61,-99,-99,-99,-99,-99,-99,-99,-99,-99,-99,-99,-99
4/8/2002,98,PRSE-01,3,-99,-99,-99,-99,-99,-99,-99,-99,-99,-99,-99,-99
4/8/2002,98,PRSE-02,50,-99,-99,-99,-99,-99,-99,-99,-99,-99,-99,-99,-99
4/8/2002,98,PRSE-04,63,-99,-99,-99,-99,-99,-99,-99,-99,-99,-99,-99,-99
4/8/2002,98,QUAL-02,42,NS,0,ND,0,0,,0,0,0,0,0,0
4/8/2002,98,QUAL-03,57,NS,0,ND,0,0,,0,0,0,0,0,0
4/8/2002,98,QUAL-04,17,NS,0,ND,0,0,,0,0,0,0,0,0
4/8/2002,98,QURU-01,15,NS,0,ND,0,0,,0,0,0,0,0,0
4/8/2002,98,QURU-02,37,NS,0,ND,0,0,,0,0,0,0,0,0
4/8/2002,98,QURU-03,48,NS,0,ND,0,0,,0,0,0,0,0,0
4/8/2002,98,QURU-04,64,SS,0,ND,0,0,,0,0,0,0,0,0
4/8/2002,98,QUVE-01,21,-99,-99,-99,-99,-99,-99,-99,-99,-99,-99,-99,-99
4/8/2002,98,QUVE-02,40,-99,-99,-99,-99,-99,-99,-99,-99,-99,-99,-99,-99
4/8/2002,98,QUVE-03,46,-99,-99,-99,-99,-99,-99,-99,-99,-99,-99,-99,-99
4/8/2002,98,QUVE-04,47,-99,-99,-99,-99,-99,-99,-99,-99,-99,-99,-99,-99
4/8/2002,98,SAPU-01,6,-99,-99,-99,-99,-99,-99,-99,-99,-99,-99,-99,-99
4/8/2002,98,SAPU-02,60,-99,-99,-99,-99,-99,-99,-99,-99,-99,-99,-99,-99
4/8/2002,98,SAPU-03,11,-99,-99,-99,-99,-99,-99,-99,-99,-99,-99,-99,-99
4/8/2002,98,SAPU-04,12,-99,-99,-99,-99,-99,-99,-99,-99,-99,-99,-99,-99
4/8/2002,98,VIAL-01,19,-99,-99,-99,-99,-99,-99,-99,-99,-99,-99,-99,-99
4/8/2002,98,VIAL-02,32,-99,-99,-99,-99,-99,-99,-99,-99,-99,-99,-99,-99
4/8/2002,98,VICA-01,4,-99,-99,-99,-99,-99,-99,-99,-99,-99,-99,-99,-99
4/8/2002,98,VICA-02,16,-99,-99,-99,-99,-99,-99,-99,-99,-99,-99,-99,-99
4/8/2002,98,VICA-03,31,-99,-99,-99,-99,-99,-99,-99,-99,-99,-99,-99,-99
4/12/2002,102,ACPE-01,20,VS,0,ND,0,0,,0,0,0,0,0,0
4/12/2002,102,ACPE-02,25,VS,0,ND,0,0,,0,0,0,0,0,0
4/12/2002,102,ACPE-03,27,VS,0,ND,0,0,,0,0,0,0,0,0
4/12/2002,102,ACPE-04,39,MS,0,ND,0,0,,0,0,0,0,0,0
4/12/2002,102,ACRU-01,5,VS,0,BB,75,0,,0,0,0,0,0,0
4/12/2002,102,ACRU-02,24,VS,0,BB,10,0,,0,0,0,0,0,0
4/12/2002,102,ACRU-03,38,VS,0,BB,25,0,,0,0,0,0,0,0
4/12/2002,102,ACRU-04,41,VS,0,BB,30,0,,0,0,0,0,0,0
4/12/2002,102,ACRU-05,65,VS,0,BB,10,0,,0,0,0,0,0,0
4/12/2002,102,ACSA-01,9,SS,0,ND,0,0,,0,0,0,0,0,0
4/12/2002,102,ACSA-02,58,MS,0,ND,0,0,,0,0,0,0,0,0
4/12/2002,102,ACSA-03,62,MS,0,ND,0,0,,0,0,0,0,0,0
4/12/2002,102,AMSP-01,1,-99,-99,-99,-99,-99,-99,-99,-99,-99,-99,-99,-99
4/12/2002,102,AMSP-02,8,-99,-99,-99,-99,-99,-99,-99,-99,-99,-99,-99,-99
4/12/2002,102,AMSP-03,34,-99,-99,-99,-99,-99,-99,-99,-99,-99,-99,-99,-99
4/12/2002,102,BEAL-01,13,MS,0,ND,0,0,,0,0,0,0,0,0
4/12/2002,102,BEAL-02,29,MS,0,ND,0,0,,0,0,0,0,0,0
4/12/2002,102,BEAL-03,35,MS,0,ND,0,0,,0,0,0,0,0,0
4/12/2002,102,BELE-01,10,-99,-99,-99,-99,-99,-99,-99,-99,-99,-99,-99,-99
4/12/2002,102,BELE-02,30,-99,-99,-99,-99,-99,-99,-99,-99,-99,-99,-99,-99
4/12/2002,102,BELE-03,44,-99,-99,-99,-99,-99,-99,-99,-99,-99,-99,-99,-99
4/12/2002,102,BEPA-01,22,-99,-99,-99,-99,-99,-99,-99,-99,-99,-99,-99,-99
4/12/2002,102,BEPA-02,51,-99,-99,-99,-99,-99,-99,-99,-99,-99,-99,-99,-99
4/12/2002,102,BEPA-03,52,-99,-99,-99,-99,-99,-99,-99,-99,-99,-99,-99,-99
4/12/2002,102,BEPA-04,53,-99,-99,-99,-99,-99,-99,-99,-99,-99,-99,-99,-99
4/12/2002,102,COAL-01,7,-99,-99,-99,-99,-99,-99,-99,-99,-99,-99,-99,-99
4/12/2002,102,COAL-03,54,-99,-99,-99,-99,-99,-99,-99,-99,-99,-99,-99,-99
4/12/2002,102,COAL-04,14,-99,-99,-99,-99,-99,-99,-99,-99,-99,-99,-99,-99
4/12/2002,102,CRSP-01,23,-99,-99,-99,-99,-99,-99,-99,-99,-99,-99,-99,-99
4/12/2002,102,CRSP-02,49,-99,-99,-99,-99,-99,-99,-99,-99,-99,-99,-99,-99
4/12/2002,102,CRSP-03,43,-99,-99,-99,-99,-99,-99,-99,-99,-99,-99,-99,-99
4/12/2002,102,FAGR-01,18,-99,-99,-99,-99,-99,-99,-99,-99,-99,-99,-99,-99
4/12/2002,102,FAGR-02,26,-99,-99,-99,-99,-99,-99,-99,-99,-99,-99,-99,-99
4/12/2002,102,FAGR-03,33,-99,-99,-99,-99,-99,-99,-99,-99,-99,-99,-99,-99
4/12/2002,102,FAGR-04,56,-99,-99,-99,-99,-99,-99,-99,-99,-99,-99,-99,-99
4/12/2002,102,FRAM-01,2,NS,0,ND,0,0,,0,0,0,0,0,0
4/12/2002,102,FRAM-02,55,NS,0,ND,0,0,,0,0,0,0,0,0
4/12/2002,102,FRAM-03,59,NS,0,ND,0,0,,0,0,0,0,0,0
4/12/2002,102,FRAM-04,66,SS,0,ND,0,0,,0,0,0,0,0,0
4/12/2002,102,HAVI-01,28,SS,0,ND,0,0,,0,0,0,0,0,0
4/12/2002,102,HAVI-02,36,MS,0,ND,0,0,,0,0,0,0,0,0
4/12/2002,102,HAVI-03,45,SS,0,ND,0,0,,0,0,0,0,0,0
4/12/2002,102,POTR-02,67,-99,-99,-99,-99,-99,-99,-99,-99,-99,-99,-99,-99
4/12/2002,102,POTR-04,61,-99,-99,-99,-99,-99,-99,-99,-99,-99,-99,-99,-99
4/12/2002,102,PRSE-01,3,-99,-99,-99,-99,-99,-99,-99,-99,-99,-99,-99,-99
4/12/2002,102,PRSE-02,50,-99,-99,-99,-99,-99,-99,-99,-99,-99,-99,-99,-99
4/12/2002,102,PRSE-04,63,-99,-99,-99,-99,-99,-99,-99,-99,-99,-99,-99,-99
4/12/2002,102,QUAL-02,42,NS,0,ND,0,0,,0,0,0,0,0,0
4/12/2002,102,QUAL-03,57,NS,0,ND,0,0,,0,0,0,0,0,0
4/12/2002,102,QUAL-04,17,NS,0,ND,0,0,,0,0,0,0,0,0
4/12/2002,102,QURU-01,15,NS,0,ND,0,0,,0,0,0,0,0,0
4/12/2002,102,QURU-02,37,NS,0,ND,0,0,,0,0,0,0,0,0
4/12/2002,102,QURU-03,48,NS,0,ND,0,0,,0,0,0,0,0,0
4/12/2002,102,QURU-04,64,SS,0,ND,0,0,,0,0,0,0,0,0
4/12/2002,102,QUVE-01,21,-99,-99,-99,-99,-99,-99,-99,-99,-99,-99,-99,-99
4/12/2002,102,QUVE-02,40,-99,-99,-99,-99,-99,-99,-99,-99,-99,-99,-99,-99
4/12/2002,102,QUVE-03,46,-99,-99,-99,-99,-99,-99,-99,-99,-99,-99,-99,-99
4/12/2002,102,QUVE-04,47,-99,-99,-99,-99,-99,-99,-99,-99,-99,-99,-99,-99
4/12/2002,102,SAPU-01,6,-99,-99,-99,-99,-99,-99,-99,-99,-99,-99,-99,-99
4/12/2002,102,SAPU-02,60,-99,-99,-99,-99,-99,-99,-99,-99,-99,-99,-99,-99
4/12/2002,102,SAPU-03,11,-99,-99,-99,-99,-99,-99,-99,-99,-99,-99,-99,-99
4/12/2002,102,SAPU-04,12,-99,-99,-99,-99,-99,-99,-99,-99,-99,-99,-99,-99
4/12/2002,102,VIAL-01,19,-99,-99,-99,-99,-99,-99,-99,-99,-99,-99,-99,-99
4/12/2002,102,VIAL-02,32,-99,-99,-99,-99,-99,-99,-99,-99,-99,-99,-99,-99
4/12/2002,102,VICA-01,4,-99,-99,-99,-99,-99,-99,-99,-99,-99,-99,-99,-99
4/12/2002,102,VICA-02,16,-99,-99,-99,-99,-99,-99,-99,-99,-99,-99,-99,-99
4/12/2002,102,VICA-03,31,-99,-99,-99,-99,-99,-99,-99,-99,-99,-99,-99,-99
4/16/2002,106,ACPE-01,20,VS,0,ND,0,0,,0,0,0,0,0,0
4/16/2002,106,ACPE-02,25,VS,0,ND,0,0,,0,0,0,0,0,0
4/16/2002,106,ACPE-03,27,VS,0,ND,0,0,,0,0,0,0,0,0
4/16/2002,106,ACPE-04,39,VS,0,ND,0,0,,0,0,0,0,0,0
4/16/2002,106,ACRU-01,5,VS,0,BB,100,25,M,0,0,0,0,0,0
4/16/2002,106,ACRU-02,24,VS,0,BB,15,0,M,0,0,0,0,0,0
4/16/2002,106,ACRU-03,38,VS,0,BB,100,30,M,-99,-99,0,0,0,0
4/16/2002,106,ACRU-04,41,VS,0,BB,100,10,M,-99,-99,0,0,0,0
4/16/2002,106,ACRU-05,65,VS,0,BB,100,50,F,0,0,0,0,0,0
4/16/2002,106,ACSA-01,9,VS,0,ND,0,0,,0,0,0,0,0,0
4/16/2002,106,ACSA-02,58,VS,0,ND,0,0,,0,0,0,0,0,0
4/16/2002,106,ACSA-03,62,VS,0,ND,0,0,,0,0,0,0,0,0
4/16/2002,106,AMSP-01,1,VS,0,ND,0,0,,-99,-99,-99,-99,-99,-99
4/16/2002,106,AMSP-02,8,BB,3,ND,0,0,,-99,-99,-99,-99,-99,-99
4/16/2002,106,AMSP-03,34,VS,0,ND,0,0,,-99,-99,-99,-99,-99,-99
4/16/2002,106,BEAL-01,13,VS,0,ND,0,0,,0,0,0,0,0,0
4/16/2002,106,BEAL-02,29,VS,0,ND,0,0,,0,0,0,0,0,0
4/16/2002,106,BEAL-03,35,VS,0,ND,0,0,,0,0,0,0,0,0
4/16/2002,106,BELE-01,10,VS,0,ND,0,0,,-99,-99,-99,-99,-99,-99
4/16/2002,106,BELE-02,30,VS,0,ND,0,0,,-99,-99,-99,-99,-99,-99
4/16/2002,106,BELE-03,44,VS,0,ND,0,0,,-99,-99,-99,-99,-99,-99
4/16/2002,106,BEPA-01,22,VS,0,ND,0,0,,-99,-99,-99,-99,-99,-99
4/16/2002,106,BEPA-02,51,VS,0,ND,0,0,,-99,-99,-99,-99,-99,-99
4/16/2002,106,BEPA-03,52,VS,0,ND,0,0,,-99,-99,-99,-99,-99,-99
4/16/2002,106,BEPA-04,53,VS,0,ND,0,0,,-99,-99,-99,-99,-99,-99
4/16/2002,106,COAL-01,7,BB,25,ND,0,0,,-99,-99,-99,-99,-99,-99
4/16/2002,106,COAL-03,54,VS,0,ND,0,0,,-99,-99,-99,-99,-99,-99
4/16/2002,106,COAL-04,14,BB,75,ND,0,0,,-99,-99,-99,-99,-99,-99
4/16/2002,106,CRSP-01,23,VS,0,ND,0,0,,-99,-99,-99,-99,-99,-99
4/16/2002,106,CRSP-02,49,VS,0,ND,0,0,,-99,-99,-99,-99,-99,-99
4/16/2002,106,CRSP-03,43,VS,0,ND,0,0,,-99,-99,-99,-99,-99,-99
4/16/2002,106,FAGR-01,18,SS,0,ND,0,0,,-99,-99,-99,-99,-99,-99
4/16/2002,106,FAGR-02,26,MS,0,ND,0,0,,-99,-99,-99,-99,-99,-99
4/16/2002,106,FAGR-03,33,MS,0,ND,0,0,,-99,-99,-99,-99,-99,-99
4/16/2002,106,FAGR-04,56,MS,0,ND,0,0,,-99,-99,-99,-99,-99,-99
4/16/2002,106,FRAM-01,2,SS,0,ND,0,0,,0,0,0,0,0,0
4/16/2002,106,FRAM-02,55,SS,0,ND,0,0,,0,0,0,0,0,0
4/16/2002,106,FRAM-03,59,SS,0,ND,0,0,,0,0,0,0,0,0
4/16/2002,106,FRAM-04,66,SS,0,ND,0,0,,0,0,0,0,0,0
4/16/2002,106,HAVI-01,28,VS,0,ND,0,0,,0,0,0,0,0,0
4/16/2002,106,HAVI-02,36,VS,0,ND,0,0,,0,0,0,0,0,0
4/16/2002,106,HAVI-03,45,VS,0,ND,0,0,,0,0,0,0,0,0
4/16/2002,106,POTR-02,67,MS,0,BB,100,90,F,-99,-99,-99,-99,-99,-99
4/16/2002,106,POTR-04,61,VS,0,-99,-99,-99,,-99,-99,-99,-99,-99,-99
4/16/2002,106,PRSE-01,3,BB,99,ND,0,0,,-99,-99,-99,-99,-99,-99
4/16/2002,106,PRSE-02,50,BB,99,ND,0,0,,-99,-99,-99,-99,-99,-99
4/16/2002,106,PRSE-04,63,BB,5,ND,0,0,,-99,-99,-99,-99,-99,-99
4/16/2002,106,QUAL-02,42,MS,0,ND,0,0,,0,0,0,0,0,0
4/16/2002,106,QUAL-03,57,MS,0,ND,0,0,,0,0,0,0,0,0
4/16/2002,106,QUAL-04,17,MS,0,ND,0,0,,0,0,0,0,0,0
4/16/2002,106,QURU-01,15,MS,0,ND,0,0,,0,0,0,0,0,0
4/16/2002,106,QURU-02,37,MS,0,ND,0,0,,0,0,0,0,0,0
4/16/2002,106,QURU-03,48,MS,0,ND,0,0,,0,0,0,0,0,0
4/16/2002,106,QURU-04,64,MS,0,ND,0,0,,0,0,0,0,0,0
4/16/2002,106,QUVE-01,21,MS,0,ND,0,0,,-99,-99,-99,-99,-99,-99
4/16/2002,106,QUVE-02,40,MS,0,ND,0,0,,-99,-99,-99,-99,-99,-99
4/16/2002,106,QUVE-03,46,MS,0,ND,0,0,,-99,-99,-99,-99,-99,-99
4/16/2002,106,QUVE-04,47,MS,0,ND,0,0,,-99,-99,-99,-99,-99,-99
4/16/2002,106,SAPU-01,6,BB,100,VS,0,0,,-99,-99,-99,-99,-99,-99
4/16/2002,106,SAPU-02,60,BB,100,VS,0,0,,-99,-99,-99,-99,-99,-99
4/16/2002,106,SAPU-03,11,BB,100,VS,0,0,,-99,-99,-99,-99,-99,-99
4/16/2002,106,SAPU-04,12,BB,100,VS,0,0,,-99,-99,-99,-99,-99,-99
4/16/2002,106,VIAL-01,19,-99,-99,-99,-99,-99,-99,-99,-99,-99,-99,-99,-99
4/16/2002,106,VIAL-02,32,-99,-99,-99,-99,-99,-99,-99,-99,-99,-99,-99,-99
4/16/2002,106,VICA-01,4,BB,99,ND,0,0,,-99,-99,-99,-99,-99,-99
4/16/2002,106,VICA-02,16,BB,99,ND,0,0,,-99,-99,-99,-99,-99,-99
4/16/2002,106,VICA-03,31,BB,95,ND,0,0,,-99,-99,-99,-99,-99,-99
4/19/2002,109,ACPE-01,20,BB,40,ND,0,0,,0,0,0,0,0,0
4/19/2002,109,ACPE-02,25,VS,0,ND,0,0,,0,0,0,0,0,0
4/19/2002,109,ACPE-03,27,VS,0,ND,0,0,,0,0,0,0,0,0
4/19/2002,109,ACPE-04,39,VS,0,ND,0,0,,0,0,0,0,0,0
4/19/2002,109,ACRU-01,5,VS,0,BB,100,90,M,0,0,0,0,0,0
4/19/2002,109,ACRU-02,24,VS,0,BB,100,75,M,-99,-99,0,0,0,0
4/19/2002,109,ACRU-03,38,VS,0,BB,100,100,M,-99,-99,0,0,0,0
4/19/2002,109,ACRU-04,41,VS,0,BB,100,97,M,-99,-99,0,0,0,0
4/19/2002,109,ACRU-05,65,BB,80,BB,100,100,F,-99,-99,0,0,0,0
4/19/2002,109,ACSA-01,9,BB,99,ND,0,0,,-99,-99,0,0,0,0
4/19/2002,109,ACSA-02,58,BB,95,ND,0,0,,-99,-99,0,0,0,0
4/19/2002,109,ACSA-03,62,VS,0,BB,100,3,,0,0,0,0,0,0
4/19/2002,109,AMSP-01,1,BB,60,ND,0,0,,-99,-99,-99,-99,-99,-99
4/19/2002,109,AMSP-02,8,BB,40,ND,0,0,,-99,-99,-99,-99,-99,-99
4/19/2002,109,AMSP-03,34,VS,0,ND,0,0,,-99,-99,-99,-99,-99,-99
4/19/2002,109,BEAL-01,13,BB,15,ND,0,0,,0,0,0,0,0,0
4/19/2002,109,BEAL-02,29,VS,0,ND,0,0,,0,0,0,0,0,0
4/19/2002,109,BEAL-03,35,BB,1,ND,0,0,,0,0,0,0,0,0
4/19/2002,109,BELE-01,10,VS,0,ND,0,0,,-99,-99,-99,-99,-99,-99
4/19/2002,109,BELE-02,30,VS,0,ND,0,0,,-99,-99,-99,-99,-99,-99
4/19/2002,109,BELE-03,44,VS,0,MS,0,0,,-99,-99,-99,-99,-99,-99
4/19/2002,109,BEPA-01,22,VS,0,ND,0,0,,-99,-99,-99,-99,-99,-99
4/19/2002,109,BEPA-02,51,BB,25,BB,55,0,,-99,-99,-99,-99,-99,-99
4/19/2002,109,BEPA-03,52,BB,60,ND,0,0,,-99,-99,-99,-99,-99,-99
4/19/2002,109,BEPA-04,53,BB,40,BB,75,0,,-99,-99,-99,-99,-99,-99
4/19/2002,109,COAL-01,7,BB,100,ND,0,0,,-99,-99,-99,-99,-99,-99
4/19/2002,109,COAL-03,54,BB,90,ND,0,0,,-99,-99,-99,-99,-99,-99
4/19/2002,109,COAL-04,14,BB,100,ND,0,0,,-99,-99,-99,-99,-99,-99
4/19/2002,109,CRSP-01,23,BB,75,ND,0,0,,-99,-99,-99,-99,-99,-99
4/19/2002,109,CRSP-02,49,BB,10,ND,0,0,,-99,-99,-99,-99,-99,-99
4/19/2002,109,CRSP-03,43,VS,0,ND,0,0,,-99,-99,-99,-99,-99,-99
4/19/2002,109,FAGR-01,18,MS,0,ND,0,0,,-99,-99,-99,-99,-99,-99
4/19/2002,109,FAGR-02,26,VS,0,ND,0,0,,-99,-99,-99,-99,-99,-99
4/19/2002,109,FAGR-03,33,VS,0,ND,0,0,,-99,-99,-99,-99,-99,-99
4/19/2002,109,FAGR-04,56,VS,0,ND,0,0,,-99,-99,-99,-99,-99,-99
4/19/2002,109,FRAM-01,2,VS,0,ND,0,0,,0,0,0,0,0,0
4/19/2002,109,FRAM-02,55,MS,0,ND,0,0,,0,0,0,0,0,0
4/19/2002,109,FRAM-03,59,VS,0,ND,0,0,,0,0,0,0,0,0
4/19/2002,109,FRAM-04,66,MS,0,ND,0,0,,0,0,0,0,0,0
4/19/2002,109,HAVI-01,28,BB,30,ND,0,0,,-99,0,0,0,0,0
4/19/2002,109,HAVI-02,36,BB,75,ND,0,0,,-99,0,0,0,0,0
4/19/2002,109,HAVI-03,45,BB,50,ND,0,0,,0,0,0,0,0,0
4/19/2002,109,POTR-02,67,BB,98,BB,100,100,F,-99,-99,-99,-99,-99,-99
4/19/2002,109,POTR-04,61,BB,90,BB,100,100,M,-99,-99,-99,-99,-99,-99
4/19/2002,109,PRSE-01,3,BB,100,ND,0,0,,-99,-99,-99,-99,-99,-99
4/19/2002,109,PRSE-02,50,BB,100,ND,0,0,,-99,-99,-99,-99,-99,-99
4/19/2002,109,PRSE-04,63,BB,75,ND,0,0,,-99,-99,-99,-99,-99,-99
4/19/2002,109,QUAL-02,42,VS,0,ND,0,0,,0,0,0,0,0,0
4/19/2002,109,QUAL-03,57,VS,0,ND,0,0,,0,0,0,0,0,0
4/19/2002,109,QUAL-04,17,VS,0,ND,0,0,,0,0,0,0,0,0
4/19/2002,109,QURU-01,15,BB,1,ND,0,0,,0,0,0,0,0,0
4/19/2002,109,QURU-02,37,VS,0,ND,0,0,,0,0,0,0,0,0
4/19/2002,109,QURU-03,48,BB,25,ND,0,0,,0,0,0,0,0,0
4/19/2002,109,QURU-04,64,BB,10,VS,0,0,,0,0,0,0,0,0
4/19/2002,109,QUVE-01,21,BB,1,ND,0,0,,-99,-99,-99,-99,-99,-99
4/19/2002,109,QUVE-02,40,VS,0,ND,0,0,,-99,-99,-99,-99,-99,-99
4/19/2002,109,QUVE-03,46,VS,0,ND,0,0,,-99,-99,-99,-99,-99,-99
4/19/2002,109,QUVE-04,47,VS,0,ND,0,0,,-99,-99,-99,-99,-99,-99
4/19/2002,109,SAPU-01,6,BB,100,VS,0,0,,-99,-99,-99,-99,-99,-99
4/19/2002,109,SAPU-02,60,BB,100,VS,0,0,,-99,-99,-99,-99,-99,-99
4/19/2002,109,SAPU-03,11,BB,100,-99,-99,-99,,-99,-99,-99,-99,-99,-99
4/19/2002,109,SAPU-04,12,BB,100,VS,0,0,,-99,-99,-99,-99,-99,-99
4/19/2002,109,VIAL-01,19,-99,-99,-99,-99,-99,-99,-99,-99,-99,-99,-99,-99
4/19/2002,109,VIAL-02,32,-99,-99,-99,-99,-99,-99,-99,-99,-99,-99,-99,-99
4/19/2002,109,VICA-01,4,BB,100,ND,0,0,,-99,-99,-99,-99,-99,-99
4/19/2002,109,VICA-02,16,BB,100,ND,0,0,,-99,-99,-99,-99,-99,-99
4/19/2002,109,VICA-03,31,BB,100,ND,0,0,,-99,-99,-99,-99,-99,-99
4/24/2002,114,ACPE-01,20,BB,100,ND,0,0,,6,5,10,0,0,0
4/24/2002,114,ACPE-02,25,BB,15,ND,0,0,,0,0,0,0,0,0
4/24/2002,114,ACPE-03,27,BB,5,ND,0,0,,0,0,0,0,0,0
4/24/2002,114,ACPE-04,39,VS,0,ND,0,0,,0,0,0,0,0,0
4/24/2002,114,ACRU-01,5,VS,0,BB,100,100,M,0,0,0,0,0,0
4/24/2002,114,ACRU-02,24,BB,15,BB,100,100,M,-99,-99,0,0,0,0
4/24/2002,114,ACRU-03,38,BB,2,BB,100,100,M,-99,-99,0,0,0,0
4/24/2002,114,ACRU-04,41,BB,1,BB,100,100,M,-99,-99,0,0,0,0
4/24/2002,114,ACRU-05,65,BB,100,BB,100,100,F,-99,-99,0,0,0,0
4/24/2002,114,ACSA-01,9,BB,100,ND,0,0,,-99,-99,8,0,0,0
4/24/2002,114,ACSA-02,58,BB,99,ND,0,0,,-99,-99,0,0,0,0
4/24/2002,114,ACSA-03,62,VS,0,BB,100,55,,0,0,0,0,0,0
4/24/2002,114,AMSP-01,1,BB,99,ND,0,0,,-99,-99,-99,-99,-99,-99
4/24/2002,114,AMSP-02,8,BB,95,ND,0,0,,-99,-99,-99,-99,-99,-99
4/24/2002,114,AMSP-03,34,BB,20,ND,0,0,,-99,-99,-99,-99,-99,-99
4/24/2002,114,BEAL-01,13,BB,75,BB,90,0,,-99,0,0,0,0,0
4/24/2002,114,BEAL-02,29,VS,0,VS,0,0,,0,0,0,0,0,0
4/24/2002,114,BEAL-03,35,BB,3,VS,0,0,,0,0,0,0,0,0
4/24/2002,114,BELE-01,10,BB,3,BB,70,0,,-99,-99,-99,-99,-99,-99
4/24/2002,114,BELE-02,30,VS,0,ND,0,0,,-99,-99,-99,-99,-99,-99
4/24/2002,114,BELE-03,44,VS,0,MS,0,0,,-99,-99,-99,-99,-99,-99
4/24/2002,114,BEPA-01,22,BB,10,BB,60,0,,-99,-99,-99,-99,-99,-99
4/24/2002,114,BEPA-02,51,BB,70,BB,80,0,,-99,-99,-99,-99,-99,-99
4/24/2002,114,BEPA-03,52,BB,95,ND,0,0,,-99,-99,-99,-99,-99,-99
4/24/2002,114,BEPA-04,53,BB,65,BB,70,0,,-99,-99,-99,-99,-99,-99
4/24/2002,114,COAL-01,7,BB,100,ND,0,0,,-99,-99,-99,-99,-99,-99
4/24/2002,114,COAL-03,54,BB,90,VS,0,0,,-99,-99,-99,-99,-99,-99
4/24/2002,114,COAL-04,14,BB,100,ND,0,0,,-99,-99,-99,-99,-99,-99
4/24/2002,114,CRSP-01,23,BB,95,ND,0,0,,-99,-99,-99,-99,-99,-99
4/24/2002,114,CRSP-02,49,BB,30,ND,0,0,,-99,-99,-99,-99,-99,-99
4/24/2002,114,CRSP-03,43,VS,0,ND,0,0,,-99,-99,-99,-99,-99,-99
4/24/2002,114,FAGR-01,18,VS,0,ND,0,0,,-99,-99,-99,-99,-99,-99
4/24/2002,114,FAGR-02,26,VS,0,ND,0,0,,-99,-99,-99,-99,-99,-99
4/24/2002,114,FAGR-03,33,VS,0,ND,0,0,,-99,-99,-99,-99,-99,-99
4/24/2002,114,FAGR-04,56,BB,3,ND,0,0,,-99,-99,-99,-99,-99,-99
4/24/2002,114,FRAM-01,2,VS,0,ND,0,0,,0,0,0,0,0,0
4/24/2002,114,FRAM-02,55,MS,0,ND,0,0,,0,0,0,0,0,0
4/24/2002,114,FRAM-03,59,VS,0,ND,0,0,,0,0,0,0,0,0
4/24/2002,114,FRAM-04,66,VS,0,VS,0,0,,0,0,0,0,0,0
4/24/2002,114,HAVI-01,28,BB,98,ND,0,0,,-99,0,0,0,0,0
4/24/2002,114,HAVI-02,36,BB,100,ND,0,0,,-99,0,10,0,0,0
4/24/2002,114,HAVI-03,45,BB,98,ND,0,0,,-99,0,8,0,0,0
4/24/2002,114,POTR-02,67,BB,100,BB,100,100,F,-99,-99,-99,-99,-99,-99
4/24/2002,114,POTR-04,61,BB,100,BB,100,100,M,-99,-99,-99,-99,-99,-99
4/24/2002,114,PRSE-01,3,BB,100,ND,0,0,,-99,-99,-99,-99,-99,-99
4/24/2002,114,PRSE-02,50,BB,100,ND,0,0,,-99,-99,-99,-99,-99,-99
4/24/2002,114,PRSE-04,63,BB,90,ND,0,0,,-99,-99,-99,-99,-99,-99
4/24/2002,114,QUAL-02,42,VS,0,ND,0,0,,0,0,0,0,0,0
4/24/2002,114,QUAL-03,57,VS,0,ND,0,0,,0,0,0,0,0,0
4/24/2002,114,QUAL-04,17,VS,0,ND,0,0,,0,0,0,0,0,0
4/24/2002,114,QURU-01,15,BB,35,VS,0,0,,-99,0,0,0,0,0
4/24/2002,114,QURU-02,37,VS,0,ND,0,0,,0,0,0,0,0,0
4/24/2002,114,QURU-03,48,BB,80,VS,0,0,,0,0,0,0,0,0
4/24/2002,114,QURU-04,64,BB,45,VS,0,0,,0,0,0,0,0,0
4/24/2002,114,QUVE-01,21,BB,20,VS,0,0,,-99,-99,-99,-99,-99,-99
4/24/2002,114,QUVE-02,40,VS,0,ND,0,0,,-99,-99,-99,-99,-99,-99
4/24/2002,114,QUVE-03,46,VS,0,ND,0,0,,-99,-99,-99,-99,-99,-99
4/24/2002,114,QUVE-04,47,VS,0,ND,0,0,,-99,-99,-99,-99,-99,-99
4/24/2002,114,SAPU-01,6,BB,100,VS,0,0,,-99,-99,-99,-99,-99,-99
4/24/2002,114,SAPU-02,60,BB,100,BB,20,0,,-99,-99,-99,-99,-99,-99
4/24/2002,114,SAPU-03,11,BB,100,-99,-99,-99,,-99,-99,-99,-99,-99,-99
4/24/2002,114,SAPU-04,12,BB,100,VS,0,0,,-99,-99,-99,-99,-99,-99
4/24/2002,114,VIAL-01,19,-99,-99,-99,-99,-99,-99,-99,-99,-99,-99,-99,-99
4/24/2002,114,VIAL-02,32,-99,-99,-99,-99,-99,-99,-99,-99,-99,-99,-99,-99
4/24/2002,114,VICA-01,4,BB,100,ND,0,0,,-99,-99,-99,-99,-99,-99
4/24/2002,114,VICA-02,16,BB,100,ND,0,0,,-99,-99,-99,-99,-99,-99
4/24/2002,114,VICA-03,31,BB,100,ND,0,0,,-99,-99,-99,-99,-99,-99
4/30/2002,120,ACPE-01,20,BB,100,ND,0,0,,-99,-99,8,0,0,0
4/30/2002,120,ACPE-02,25,BB,30,ND,0,0,,-99,-99,0,0,0,0
4/30/2002,120,ACPE-03,27,BB,40,ND,0,0,,-99,-99,0,0,0,0
4/30/2002,120,ACPE-04,39,VS,0,ND,0,0,,0,0,0,0,0,0
4/30/2002,120,ACRU-01,5,VS,0,BB,100,100,M,0,0,0,0,0,0
4/30/2002,120,ACRU-02,24,BB,20,BB,100,100,M,-99,-99,0,0,0,0
4/30/2002,120,ACRU-03,38,VS,0,BB,100,100,M,-99,-99,0,0,0,0
4/30/2002,120,ACRU-04,41,BB,15,BB,100,100,M,-99,-99,0,0,0,0
4/30/2002,120,ACRU-05,65,BB,100,BB,100,100,F,-99,-99,0,0,0,0
4/30/2002,120,ACSA-01,9,BB,100,ND,0,0,,-99,-99,8,0,0,0
4/30/2002,120,ACSA-02,58,BB,100,ND,0,0,,-99,-99,0,0,0,0
4/30/2002,120,ACSA-03,62,BB,5,BB,100,25,,0,0,0,0,0,0
4/30/2002,120,AMSP-01,1,BB,100,ND,0,0,,-99,-99,-99,-99,-99,-99
4/30/2002,120,AMSP-02,8,BB,97,ND,0,0,,-99,-99,-99,-99,-99,-99
4/30/2002,120,AMSP-03,34,BB,70,ND,0,0,,-99,-99,-99,-99,-99,-99
4/30/2002,120,BEAL-01,13,BB,70,-99,-99,-99,,-99,0,0,0,0,0
4/30/2002,120,BEAL-02,29,VS,0,VS,0,0,,0,0,0,0,0,0
4/30/2002,120,BEAL-03,35,BB,5,-99,-99,-99,,0,0,0,0,0,0
4/30/2002,120,BELE-01,10,BB,5,BB,80,10,,-99,-99,-99,-99,-99,-99
4/30/2002,120,BELE-02,30,VS,0,ND,0,0,,-99,-99,-99,-99,-99,-99
4/30/2002,120,BELE-03,44,VS,0,-99,-99,-99,,-99,-99,-99,-99,-99,-99
4/30/2002,120,BEPA-01,22,BB,25,BB,70,0,,-99,-99,-99,-99,-99,-99
4/30/2002,120,BEPA-02,51,BB,80,-99,-99,-99,,-99,-99,-99,-99,-99,-99
4/30/2002,120,BEPA-03,52,BB,98,ND,0,0,,-99,-99,-99,-99,-99,-99
4/30/2002,120,BEPA-04,53,BB,95,BB,95,10,,-99,-99,-99,-99,-99,-99
4/30/2002,120,COAL-01,7,BB,100,ND,0,0,,-99,-99,-99,-99,-99,-99
4/30/2002,120,COAL-03,54,BB,100,ND,0,0,,-99,-99,-99,-99,-99,-99
4/30/2002,120,COAL-04,14,BB,100,ND,0,0,,-99,-99,-99,-99,-99,-99
4/30/2002,120,CRSP-01,23,BB,99,ND,0,0,,-99,-99,-99,-99,-99,-99
4/30/2002,120,CRSP-02,49,BB,50,ND,0,0,,-99,-99,-99,-99,-99,-99
4/30/2002,120,CRSP-03,43,VS,0,ND,0,0,,-99,-99,-99,-99,-99,-99
4/30/2002,120,FAGR-01,18,VS,0,ND,0,0,,-99,-99,-99,-99,-99,-99
4/30/2002,120,FAGR-02,26,BB,20,ND,0,0,,-99,-99,-99,-99,-99,-99
4/30/2002,120,FAGR-03,33,BB,5,ND,0,0,,-99,-99,-99,-99,-99,-99
4/30/2002,120,FAGR-04,56,BB,25,ND,0,0,,-99,-99,-99,-99,-99,-99
4/30/2002,120,FRAM-01,2,VS,0,ND,0,0,,0,0,0,0,0,0
4/30/2002,120,FRAM-02,55,MS,0,ND,0,0,,0,0,0,0,0,0
4/30/2002,120,FRAM-03,59,VS,0,ND,0,0,,0,0,0,0,0,0
4/30/2002,120,FRAM-04,66,VS,0,VS,0,0,,0,0,0,0,0,0
4/30/2002,120,HAVI-01,28,BB,98,ND,0,0,,-99,0,0,0,0,0
4/30/2002,120,HAVI-02,36,BB,100,ND,0,0,,-99,0,8,0,0,0
4/30/2002,120,HAVI-03,45,BB,99,ND,0,0,,-99,0,-99,0,0,0
4/30/2002,120,POTR-02,67,BB,100,BB,100,100,F,-99,-99,-99,-99,-99,-99
4/30/2002,120,POTR-04,61,BB,100,-99,-99,-99,-99,-99,-99,-99,-99,-99,-99
4/30/2002,120,PRSE-01,3,BB,100,ND,0,0,,-99,-99,-99,-99,-99,-99
4/30/2002,120,PRSE-02,50,BB,100,ND,0,0,,-99,-99,-99,-99,-99,-99
4/30/2002,120,PRSE-04,63,BB,95,ND,0,0,,-99,-99,-99,-99,-99,-99
4/30/2002,120,QUAL-02,42,VS,0,ND,0,0,,0,0,0,0,0,0
4/30/2002,120,QUAL-03,57,VS,0,ND,0,0,,0,0,0,0,0,0
4/30/2002,120,QUAL-04,17,BB,20,ND,0,0,,-99,0,0,0,0,0
4/30/2002,120,QURU-01,15,BB,65,VS,0,0,,-99,0,0,0,0,0
4/30/2002,120,QURU-02,37,VS,0,ND,0,0,,0,0,0,0,0,0
4/30/2002,120,QURU-03,48,BB,90,BB,3,0,,0,0,0,0,0,0
4/30/2002,120,QURU-04,64,BB,60,BB,25,0,,0,0,0,0,0,0
4/30/2002,120,QUVE-01,21,BB,25,BB,3,0,,-99,-99,-99,-99,-99,-99
4/30/2002,120,QUVE-02,40,VS,0,ND,0,0,,-99,-99,-99,-99,-99,-99
4/30/2002,120,QUVE-03,46,BB,1,ND,0,0,,-99,-99,-99,-99,-99,-99
4/30/2002,120,QUVE-04,47,BB,5,ND,0,0,,-99,-99,-99,-99,-99,-99
4/30/2002,120,SAPU-01,6,BB,100,-99,-99,-99,-99,-99,-99,-99,-99,-99,-99
4/30/2002,120,SAPU-02,60,BB,100,BB,100,75,,-99,-99,-99,-99,-99,-99
4/30/2002,120,SAPU-03,11,BB,100,-99,-99,-99,,-99,-99,-99,-99,-99,-99
4/30/2002,120,SAPU-04,12,BB,100,-99,-99,-99,,-99,-99,-99,-99,-99,-99
4/30/2002,120,VIAL-01,19,-99,-99,-99,-99,-99,-99,-99,-99,-99,-99,-99,-99
4/30/2002,120,VIAL-02,32,-99,-99,-99,-99,-99,-99,-99,-99,-99,-99,-99,-99
4/30/2002,120,VICA-01,4,BB,100,ND,0,0,,-99,-99,-99,-99,-99,-99
4/30/2002,120,VICA-02,16,BB,100,ND,0,0,,-99,-99,-99,-99,-99,-99
4/30/2002,120,VICA-03,31,BB,100,ND,0,0,,-99,-99,-99,-99,-99,-99
5/6/2002,126,ACPE-01,20,BB,100,ND,0,0,,-99,-99,10,0,0,0
5/6/2002,126,ACPE-02,25,BB,90,VS,0,0,,-99,-99,0,0,0,0
5/6/2002,126,ACPE-03,27,BB,100,ND,0,0,,-99,-99,0,0,0,0
5/6/2002,126,ACPE-04,39,VS,0,ND,0,0,,0,0,0,0,0,0
5/6/2002,126,ACRU-01,5,VS,0,BB,100,100,M,0,0,0,0,0,0
5/6/2002,126,ACRU-02,24,BB,40,BB,100,100,M,-99,-99,0,0,0,0
5/6/2002,126,ACRU-03,38,VS,0,BB,100,100,M,-99,-99,0,0,0,0
5/6/2002,126,ACRU-04,41,BB,40,BB,100,100,M,-99,-99,0,0,0,0
5/6/2002,126,ACRU-05,65,BB,100,BB,100,100,F,-99,-99,20,0,0,0
5/6/2002,126,ACSA-01,9,BB,100,ND,0,0,,-99,-99,20,0,0,0
5/6/2002,126,ACSA-02,58,BB,100,ND,0,0,,-99,-99,23,0,0,0
5/6/2002,126,ACSA-03,62,BB,75,BB,100,-99,,-99,-99,0,0,0,0
5/6/2002,126,AMSP-01,1,BB,100,-99,-99,-99,-99,-99,-99,-99,-99,-99,-99
5/6/2002,126,AMSP-02,8,BB,100,ND,0,0,,-99,-99,-99,-99,-99,-99
5/6/2002,126,AMSP-03,34,-99,-99,-99,-99,-99,-99,-99,-99,-99,-99,-99,-99
5/6/2002,126,BEAL-01,13,BB,85,-99,-99,-99,,-99,0,20,0,0,0
5/6/2002,126,BEAL-02,29,VS,0,-99,-99,-99,,0,0,0,0,0,0
5/6/2002,126,BEAL-03,35,BB,10,-99,-99,-99,,-99,0,0,0,0,0
5/6/2002,126,BELE-01,10,BB,40,BB,100,0,,-99,-99,-99,-99,-99,-99
5/6/2002,126,BELE-02,30,VS,0,ND,0,0,,-99,-99,-99,-99,-99,-99
5/6/2002,126,BELE-03,44,VS,0,-99,-99,-99,,-99,-99,-99,-99,-99,-99
5/6/2002,126,BEPA-01,22,BB,50,BB,100,0,,-99,-99,-99,-99,-99,-99
5/6/2002,126,BEPA-02,51,BB,98,-99,-99,-99,,-99,-99,-99,-99,-99,-99
5/6/2002,126,BEPA-03,52,BB,100,ND,0,0,,-99,-99,-99,-99,-99,-99
5/6/2002,126,BEPA-04,53,BB,98,-99,-99,-99,,-99,-99,-99,-99,-99,-99
5/6/2002,126,COAL-01,7,BB,100,-99,-99,-99,-99,-99,-99,-99,-99,-99,-99
5/6/2002,126,COAL-03,54,BB,100,-99,-99,-99,-99,-99,-99,-99,-99,-99,-99
5/6/2002,126,COAL-04,14,BB,100,-99,-99,-99,-99,-99,-99,-99,-99,-99,-99
5/6/2002,126,CRSP-01,23,BB,100,ND,0,0,,-99,-99,-99,-99,-99,-99
5/6/2002,126,CRSP-02,49,-99,-99,-99,-99,-99,-99,-99,-99,-99,-99,-99,-99
5/6/2002,126,CRSP-03,43,BB,50,ND,0,0,,-99,-99,-99,-99,-99,-99
5/6/2002,126,FAGR-01,18,BB,3,ND,0,0,,-99,-99,-99,-99,-99,-99
5/6/2002,126,FAGR-02,26,BB,75,ND,0,0,,-99,-99,-99,-99,-99,-99
5/6/2002,126,FAGR-03,33,BB,95,ND,0,0,,-99,-99,-99,-99,-99,-99
5/6/2002,126,FAGR-04,56,BB,98,ND,0,0,,-99,-99,-99,-99,-99,-99
5/6/2002,126,FRAM-01,2,VS,0,ND,0,0,,0,0,0,0,0,0
5/6/2002,126,FRAM-02,55,MS,0,ND,0,0,,0,0,0,0,0,0
5/6/2002,126,FRAM-03,59,VS,0,ND,0,0,,0,0,0,0,0,0
5/6/2002,126,FRAM-04,66,VS,0,-99,-99,-99,-99,0,0,0,0,0,0
5/6/2002,126,HAVI-01,28,BB,100,ND,0,0,,-99,0,13,0,0,0
5/6/2002,126,HAVI-02,36,BB,100,ND,0,0,,-99,0,22,0,0,0
5/6/2002,126,HAVI-03,45,BB,100,ND,0,0,,-99,0,20,0,0,0
5/6/2002,126,POTR-02,67,BB,100,BB,100,100,F,-99,-99,-99,-99,-99,-99
5/6/2002,126,POTR-04,61,BB,100,-99,-99,-99,-99,-99,-99,-99,-99,-99,-99
5/6/2002,126,PRSE-01,3,BB,100,-99,-99,-99,-99,-99,-99,-99,-99,-99,-99
5/6/2002,126,PRSE-02,50,BB,100,-99,-99,-99,-99,-99,-99,-99,-99,-99,-99
5/6/2002,126,PRSE-04,63,BB,98,ND,0,0,,-99,-99,-99,-99,-99,-99
5/6/2002,126,QUAL-02,42,VS,0,ND,0,0,,0,0,0,0,0,0
5/6/2002,126,QUAL-03,57,VS,0,ND,0,0,,0,0,0,0,0,0
5/6/2002,126,QUAL-04,17,BB,50,ND,0,0,,-99,0,0,0,0,0
5/6/2002,126,QURU-01,15,BB,95,-99,-99,-99,,-99,0,10,0,0,0
5/6/2002,126,QURU-02,37,VS,0,VS,0,0,,0,0,0,0,0,0
5/6/2002,126,QURU-03,48,BB,99,BB,75,0,,-99,0,0,0,0,0
5/6/2002,126,QURU-04,64,BB,75,BB,50,0,,-99,0,0,0,0,0
5/6/2002,126,QUVE-01,21,BB,45,BB,30,0,,-99,-99,-99,-99,-99,-99
5/6/2002,126,QUVE-02,40,-99,-99,-99,-99,-99,,-99,-99,-99,-99,-99,-99
5/6/2002,126,QUVE-03,46,BB,5,ND,0,0,,-99,-99,-99,-99,-99,-99
5/6/2002,126,QUVE-04,47,BB,10,ND,0,0,,-99,-99,-99,-99,-99,-99
5/6/2002,126,SAPU-01,6,BB,100,-99,-99,-99,-99,-99,-99,-99,-99,-99,-99
5/6/2002,126,SAPU-02,60,BB,100,-99,-99,-99,-99,-99,-99,-99,-99,-99,-99
5/6/2002,126,SAPU-03,11,BB,100,-99,-99,-99,-99,-99,-99,-99,-99,-99,-99
5/6/2002,126,SAPU-04,12,BB,100,-99,-99,-99,-99,-99,-99,-99,-99,-99,-99
5/6/2002,126,VIAL-01,19,-99,-99,-99,-99,-99,-99,-99,-99,-99,-99,-99,-99
5/6/2002,126,VIAL-02,32,-99,-99,-99,-99,-99,-99,-99,-99,-99,-99,-99,-99
5/6/2002,126,VICA-01,4,BB,100,-99,-99,-99,-99,-99,-99,-99,-99,-99,-99
5/6/2002,126,VICA-02,16,BB,100,-99,-99,-99,-99,-99,-99,-99,-99,-99,-99
5/6/2002,126,VICA-03,31,BB,100,-99,-99,-99,-99,-99,-99,-99,-99,-99,-99
5/9/2002,129,ACPE-01,20,BB,100,BB,75,0,M,-99,-99,25,0,0,0
5/9/2002,129,ACPE-02,25,BB,100,BB,10,0,M,-99,-99,0,0,0,0
5/9/2002,129,ACPE-03,27,BB,100,BB,10,0,M,-99,-99,18,0,0,0
5/9/2002,129,ACPE-04,39,BB,30,VS,0,0,,-99,-99,0,0,0,0
5/9/2002,129,ACRU-01,5,BB,10,BB,100,100,M,-99,-99,0,0,0,0
5/9/2002,129,ACRU-02,24,BB,98,BB,100,100,M,-99,-99,0,0,0,0
5/9/2002,129,ACRU-03,38,BB,25,BB,100,100,M,-99,-99,0,0,0,0
5/9/2002,129,ACRU-04,41,BB,90,BB,100,100,M,-99,-99,0,0,0,0
5/9/2002,129,ACRU-05,65,BB,100,BB,100,100,F,-99,-99,23,0,0,0
5/9/2002,129,ACSA-01,9,BB,100,ND,0,0,,-99,-99,25,0,0,0
5/9/2002,129,ACSA-02,58,BB,100,ND,0,0,,-99,-99,25,0,0,0
5/9/2002,129,ACSA-03,62,BB,98,BB,100,-99,,-99,-99,8,0,0,0
5/9/2002,129,AMSP-01,1,BB,100,-99,-99,-99,-99,-99,-99,-99,-99,-99,-99
5/9/2002,129,AMSP-02,8,BB,100,-99,-99,-99,-99,-99,-99,-99,-99,-99,-99
5/9/2002,129,AMSP-03,34,-99,-99,-99,-99,-99,-99,-99,-99,-99,-99,-99,-99
5/9/2002,129,BEAL-01,13,BB,97,-99,-99,-99,,-99,0,23,0,0,0
5/9/2002,129,BEAL-02,29,BB,5,-99,-99,-99,,0,0,0,0,0,0
5/9/2002,129,BEAL-03,35,BB,50,-99,-99,-99,,-99,0,0,0,0,0
5/9/2002,129,BELE-01,10,BB,90,-99,-99,-99,,-99,-99,-99,-99,-99,-99
5/9/2002,129,BELE-02,30,BB,5,ND,0,0,,-99,-99,-99,-99,-99,-99
5/9/2002,129,BELE-03,44,BB,30,-99,-99,-99,,-99,-99,-99,-99,-99,-99
5/9/2002,129,BEPA-01,22,BB,98,BB,100,-99,,-99,-99,-99,-99,-99,-99
5/9/2002,129,BEPA-02,51,BB,100,-99,-99,-99,,-99,-99,-99,-99,-99,-99
5/9/2002,129,BEPA-03,52,BB,100,ND,0,0,,-99,-99,-99,-99,-99,-99
5/9/2002,129,BEPA-04,53,BB,100,-99,-99,-99,,-99,-99,-99,-99,-99,-99
5/9/2002,129,COAL-01,7,BB,100,-99,-99,-99,-99,-99,-99,-99,-99,-99,-99
5/9/2002,129,COAL-03,54,BB,100,-99,-99,-99,-99,-99,-99,-99,-99,-99,-99
5/9/2002,129,COAL-04,14,BB,100,-99,-99,-99,-99,-99,-99,-99,-99,-99,-99
5/9/2002,129,CRSP-01,23,BB,100,-99,-99,-99,-99,-99,-99,-99,-99,-99,-99
5/9/2002,129,CRSP-02,49,BB,98,ND,0,0,,-99,-99,-99,-99,-99,-99
5/9/2002,129,CRSP-03,43,BB,95,ND,0,0,,-99,-99,-99,-99,-99,-99
5/9/2002,129,FAGR-01,18,BB,40,ND,0,0,,-99,-99,-99,-99,-99,-99
5/9/2002,129,FAGR-02,26,BB,75,ND,0,0,,-99,-99,-99,-99,-99,-99
5/9/2002,129,FAGR-03,33,BB,100,ND,0,0,,-99,-99,-99,-99,-99,-99
5/9/2002,129,FAGR-04,56,BB,99,ND,0,0,,-99,-99,-99,-99,-99,-99
5/9/2002,129,FRAM-01,2,BB,85,ND,0,0,,-99,0,0,0,0,0
5/9/2002,129,FRAM-02,55,VS,0,ND,0,0,,0,0,0,0,0,0
5/9/2002,129,FRAM-03,59,BB,95,ND,0,0,,-99,0,0,0,0,0
5/9/2002,129,FRAM-04,66,VS,0,-99,-99,-99,-99,0,0,0,0,0,0
5/9/2002,129,HAVI-01,28,BB,100,ND,0,0,,-99,0,13,0,0,0
5/9/2002,129,HAVI-02,36,BB,100,ND,0,0,,-99,0,23,0,0,0
5/9/2002,129,HAVI-03,45,BB,100,ND,0,0,,-99,0,20,0,0,0
5/9/2002,129,POTR-02,67,BB,100,BB,100,100,F,-99,-99,-99,-99,-99,-99
5/9/2002,129,POTR-04,61,BB,100,-99,-99,-99,-99,-99,-99,-99,-99,-99,-99
5/9/2002,129,PRSE-01,3,BB,100,-99,-99,-99,-99,-99,-99,-99,-99,-99,-99
5/9/2002,129,PRSE-02,50,BB,100,-99,-99,-99,-99,-99,-99,-99,-99,-99,-99
5/9/2002,129,PRSE-04,63,BB,100,VS,0,0,,-99,-99,-99,-99,-99,-99
5/9/2002,129,QUAL-02,42,VS,0,ND,0,0,,0,0,0,0,0,0
5/9/2002,129,QUAL-03,57,BB,5,ND,0,0,,0,0,0,0,0,0
5/9/2002,129,QUAL-04,17,BB,95,ND,0,0,,-99,0,0,0,0,0
5/9/2002,129,QURU-01,15,BB,100,BB,100,0,,-99,0,10,0,0,0
5/9/2002,129,QURU-02,37,BB,70,-99,-99,-99,,-99,0,0,0,0,0
5/9/2002,129,QURU-03,48,BB,100,BB,100,75,,-99,0,10,0,0,0
5/9/2002,129,QURU-04,64,BB,95,BB,100,-99,,-99,0,0,0,0,0
5/9/2002,129,QUVE-01,21,BB,95,BB,100,-99,,-99,-99,-99,-99,-99,-99
5/9/2002,129,QUVE-02,40,BB,60,-99,-99,-99,,-99,-99,-99,-99,-99,-99
5/9/2002,129,QUVE-03,46,BB,50,ND,0,0,,-99,-99,-99,-99,-99,-99
5/9/2002,129,QUVE-04,47,BB,50,ND,0,0,,-99,-99,-99,-99,-99,-99
5/9/2002,129,SAPU-01,6,BB,100,-99,-99,-99,-99,-99,-99,-99,-99,-99,-99
5/9/2002,129,SAPU-02,60,BB,100,-99,-99,-99,-99,-99,-99,-99,-99,-99,-99
5/9/2002,129,SAPU-03,11,BB,100,-99,-99,-99,-99,-99,-99,-99,-99,-99,-99
5/9/2002,129,SAPU-04,12,BB,100,-99,-99,-99,-99,-99,-99,-99,-99,-99,-99
5/9/2002,129,VIAL-01,19,-99,-99,-99,-99,-99,-99,-99,-99,-99,-99,-99,-99
5/9/2002,129,VIAL-02,32,-99,-99,-99,-99,-99,-99,-99,-99,-99,-99,-99,-99
5/9/2002,129,VICA-01,4,BB,100,-99,-99,-99,-99,-99,-99,-99,-99,-99,-99
5/9/2002,129,VICA-02,16,BB,100,-99,-99,-99,-99,-99,-99,-99,-99,-99,-99
5/9/2002,129,VICA-03,31,BB,100,-99,-99,-99,-99,-99,-99,-99,-99,-99,-99
5/14/2002,134,ACPE-01,20,BB,100,BB,100,0,M,-99,-99,70,0,0,0
5/14/2002,134,ACPE-02,25,BB,100,BB,100,0,M,-99,-99,20,0,0,0
5/14/2002,134,ACPE-03,27,BB,100,-99,-99,-99,M,-99,-99,28,0,0,0
5/14/2002,134,ACPE-04,39,BB,90,VS,0,0,,-99,-99,0,0,0,0
5/14/2002,134,ACRU-01,5,BB,70,BB,100,100,M,-99,-99,0,0,0,0
5/14/2002,134,ACRU-02,24,BB,100,BB,100,100,M,-99,-99,3,0,0,0
5/14/2002,134,ACRU-03,38,BB,98,BB,100,100,M,-99,-99,0,0,0,0
5/14/2002,134,ACRU-04,41,BB,97,BB,100,100,M,-99,-99,0,0,0,0
5/14/2002,134,ACRU-05,65,BB,100,BB,100,100,F,-99,-99,35,0,0,0
5/14/2002,134,ACSA-01,9,BB,100,ND,0,0,,-99,-99,35,0,0,0
5/14/2002,134,ACSA-02,58,BB,100,ND,0,0,,-99,-99,55,0,0,0
5/14/2002,134,ACSA-03,62,BB,100,BB,100,-99,,-99,-99,10,0,0,0
5/14/2002,134,AMSP-01,1,BB,100,-99,-99,-99,-99,-99,-99,-99,-99,-99,-99
5/14/2002,134,AMSP-02,8,BB,100,-99,-99,-99,-99,-99,-99,-99,-99,-99,-99
5/14/2002,134,AMSP-03,34,-99,-99,-99,-99,-99,-99,-99,-99,-99,-99,-99,-99
5/14/2002,134,BEAL-01,13,BB,97,-99,-99,-99,,-99,0,50,0,0,0
5/14/2002,134,BEAL-02,29,BB,20,-99,-99,-99,,0,0,0,0,0,0
5/14/2002,134,BEAL-03,35,BB,75,-99,-99,-99,,-99,0,0,0,0,0
5/14/2002,134,BELE-01,10,BB,98,BB,100,100,,-99,-99,-99,-99,-99,-99
5/14/2002,134,BELE-02,30,BB,80,ND,0,0,,-99,-99,-99,-99,-99,-99
5/14/2002,134,BELE-03,44,BB,95,-99,-99,-99,,-99,-99,-99,-99,-99,-99
5/14/2002,134,BEPA-01,22,BB,100,BB,100,-99,,-99,-99,-99,-99,-99,-99
5/14/2002,134,BEPA-02,51,BB,100,-99,-99,-99,,-99,-99,-99,-99,-99,-99
5/14/2002,134,BEPA-03,52,BB,100,-99,-99,-99,,-99,-99,-99,-99,-99,-99
5/14/2002,134,BEPA-04,53,BB,100,-99,-99,-99,,-99,-99,-99,-99,-99,-99
5/14/2002,134,COAL-01,7,BB,100,-99,-99,-99,-99,-99,-99,-99,-99,-99,-99
5/14/2002,134,COAL-03,54,BB,100,-99,-99,-99,-99,-99,-99,-99,-99,-99,-99
5/14/2002,134,COAL-04,14,BB,100,-99,-99,-99,-99,-99,-99,-99,-99,-99,-99
5/14/2002,134,CRSP-01,23,BB,100,-99,-99,-99,-99,-99,-99,-99,-99,-99,-99
5/14/2002,134,CRSP-02,49,BB,100,ND,0,0,,-99,-99,-99,-99,-99,-99
5/14/2002,134,CRSP-03,43,BB,100,ND,0,0,,-99,-99,-99,-99,-99,-99
5/14/2002,134,FAGR-01,18,BB,85,ND,0,0,,-99,-99,-99,-99,-99,-99
5/14/2002,134,FAGR-02,26,BB,80,ND,0,0,,-99,-99,-99,-99,-99,-99
5/14/2002,134,FAGR-03,33,BB,100,-99,-99,-99,,-99,-99,-99,-99,-99,-99
5/14/2002,134,FAGR-04,56,BB,100,ND,0,0,,-99,-99,-99,-99,-99,-99
5/14/2002,134,FRAM-01,2,BB,95,ND,0,0,,-99,0,8,0,0,0
5/14/2002,134,FRAM-02,55,BB,5,ND,0,0,,0,0,0,0,0,0
5/14/2002,134,FRAM-03,59,BB,100,ND,0,0,,-99,0,3,0,0,0
5/14/2002,134,FRAM-04,66,VS,0,-99,-99,-99,-99,0,0,0,0,0,0
5/14/2002,134,HAVI-01,28,BB,100,ND,0,0,,-99,0,18,0,0,0
5/14/2002,134,HAVI-02,36,BB,100,ND,0,0,,-99,0,28,0,0,0
5/14/2002,134,HAVI-03,45,BB,100,ND,0,0,,-99,0,20,0,0,0
5/14/2002,134,POTR-02,67,BB,100,BB,100,100,F,-99,-99,-99,-99,-99,-99
5/14/2002,134,POTR-04,61,BB,100,-99,-99,-99,-99,-99,-99,-99,-99,-99,-99
5/14/2002,134,PRSE-01,3,BB,100,-99,-99,-99,-99,-99,-99,-99,-99,-99,-99
5/14/2002,134,PRSE-02,50,BB,100,-99,-99,-99,-99,-99,-99,-99,-99,-99,-99
5/14/2002,134,PRSE-04,63,BB,100,-99,-99,-99,-99,-99,-99,-99,-99,-99,-99
5/14/2002,134,QUAL-02,42,VS,0,ND,0,0,,0,0,0,0,0,0
5/14/2002,134,QUAL-03,57,BB,90,ND,0,0,,-99,0,0,0,0,0
5/14/2002,134,QUAL-04,17,BB,97,ND,0,0,,-99,0,0,0,0,0
5/14/2002,134,QURU-01,15,BB,100,-99,-99,-99,,-99,0,23,0,0,0
5/14/2002,134,QURU-02,37,BB,90,-99,-99,-99,,-99,0,0,0,0,0
5/14/2002,134,QURU-03,48,BB,100,BB,100,-99,,-99,0,20,0,0,0
5/14/2002,134,QURU-04,64,BB,98,BB,100,-99,,-99,0,3,0,0,0
5/14/2002,134,QUVE-01,21,BB,100,BB,100,50,,-99,-99,-99,-99,-99,-99
5/14/2002,134,QUVE-02,40,BB,95,-99,-99,-99,,-99,-99,-99,-99,-99,-99
5/14/2002,134,QUVE-03,46,BB,90,ND,0,0,,-99,-99,-99,-99,-99,-99
5/14/2002,134,QUVE-04,47,BB,95,ND,0,0,,-99,-99,-99,-99,-99,-99
5/14/2002,134,SAPU-01,6,BB,100,-99,-99,-99,-99,-99,-99,-99,-99,-99,-99
5/14/2002,134,SAPU-02,60,BB,100,-99,-99,-99,-99,-99,-99,-99,-99,-99,-99
5/14/2002,134,SAPU-03,11,BB,100,-99,-99,-99,-99,-99,-99,-99,-99,-99,-99
5/14/2002,134,SAPU-04,12,BB,100,-99,-99,-99,-99,-99,-99,-99,-99,-99,-99
5/14/2002,134,VIAL-01,19,-99,-99,-99,-99,-99,-99,-99,-99,-99,-99,-99,-99
5/14/2002,134,VIAL-02,32,-99,-99,-99,-99,-99,-99,-99,-99,-99,-99,-99,-99
5/14/2002,134,VICA-01,4,BB,100,-99,-99,-99,-99,-99,-99,-99,-99,-99,-99
5/14/2002,134,VICA-02,16,BB,100,-99,-99,-99,-99,-99,-99,-99,-99,-99,-99
5/14/2002,134,VICA-03,31,BB,100,-99,-99,-99,-99,-99,-99,-99,-99,-99,-99
5/19/2002,139,ACPE-01,20,BB,100,BB,100,-99,M,-99,-99,-99,0,0,0
5/19/2002,139,ACPE-02,25,BB,100,BB,100,-99,M,-99,-99,45,0,0,0
5/19/2002,139,ACPE-03,27,BB,100,-99,-99,-99,M,-99,-99,-99,0,0,0
5/19/2002,139,ACPE-04,39,BB,95,BB,90,0,M,-99,-99,20,0,0,0
5/19/2002,139,ACRU-01,5,BB,100,BB,100,100,M,-99,-99,8,0,0,0
5/19/2002,139,ACRU-02,24,BB,100,BB,100,100,M,-99,-99,20,0,0,0
5/19/2002,139,ACRU-03,38,BB,100,BB,100,100,M,-99,-99,8,0,0,0
5/19/2002,139,ACRU-04,41,BB,99,BB,100,100,M,-99,-99,8,0,0,0
5/19/2002,139,ACRU-05,65,BB,100,BB,100,100,F,-99,-99,75,-99,0,0
5/19/2002,139,ACSA-01,9,BB,100,ND,0,0,,-99,-99,65,0,0,0
5/19/2002,139,ACSA-02,58,BB,100,ND,0,0,,-99,-99,-99,-99,0,0
5/19/2002,139,ACSA-03,62,BB,100,BB,100,-99,,-99,-99,70,-99,0,0
5/19/2002,139,AMSP-01,1,BB,100,-99,-99,-99,-99,-99,-99,-99,-99,-99,-99
5/19/2002,139,AMSP-02,8,BB,100,-99,-99,-99,-99,-99,-99,-99,-99,-99,-99
5/19/2002,139,AMSP-03,34,-99,-99,-99,-99,-99,-99,-99,-99,-99,-99,-99,-99
5/19/2002,139,BEAL-01,13,BB,100,-99,-99,-99,,-99,0,-99,-99,0,0
5/19/2002,139,BEAL-02,29,BB,95,-99,-99,-99,,-99,0,10,0,0,0
5/19/2002,139,BEAL-03,35,BB,100,-99,-99,-99,,-99,0,10,0,0,0
5/19/2002,139,BELE-01,10,BB,100,-99,-99,-99,,-99,-99,-99,-99,-99,-99
5/19/2002,139,BELE-02,30,BB,100,ND,0,0,,-99,-99,-99,-99,-99,-99
5/19/2002,139,BELE-03,44,BB,100,-99,-99,-99,,-99,-99,-99,-99,-99,-99
5/19/2002,139,BEPA-01,22,BB,100,BB,100,-99,,-99,-99,-99,-99,-99,-99
5/19/2002,139,BEPA-02,51,BB,100,-99,-99,-99,,-99,-99,-99,-99,-99,-99
5/19/2002,139,BEPA-03,52,BB,100,-99,-99,-99,,-99,-99,-99,-99,-99,-99
5/19/2002,139,BEPA-04,53,BB,100,-99,-99,-99,,-99,-99,-99,-99,-99,-99
5/19/2002,139,COAL-01,7,BB,100,-99,-99,-99,-99,-99,-99,-99,-99,-99,-99
5/19/2002,139,COAL-03,54,BB,100,-99,-99,-99,-99,-99,-99,-99,-99,-99,-99
5/19/2002,139,COAL-04,14,BB,100,-99,-99,-99,-99,-99,-99,-99,-99,-99,-99
5/19/2002,139,CRSP-01,23,BB,100,-99,-99,-99,-99,-99,-99,-99,-99,-99,-99
5/19/2002,139,CRSP-02,49,BB,100,-99,-99,-99,,-99,-99,-99,-99,-99,-99
5/19/2002,139,CRSP-03,43,BB,100,-99,-99,-99,-99,-99,-99,-99,-99,-99,-99
5/19/2002,139,FAGR-01,18,BB,100,ND,0,0,,-99,-99,-99,-99,-99,-99
5/19/2002,139,FAGR-02,26,BB,98,ND,0,0,,-99,-99,-99,-99,-99,-99
5/19/2002,139,FAGR-03,33,BB,100,-99,-99,-99,,-99,-99,-99,-99,-99,-99
5/19/2002,139,FAGR-04,56,BB,100,-99,-99,-99,,-99,-99,-99,-99,-99,-99
5/19/2002,139,FRAM-01,2,BB,100,ND,0,0,,-99,0,20,0,0,0
5/19/2002,139,FRAM-02,55,BB,100,ND,0,0,,-99,0,3,0,0,0
5/19/2002,139,FRAM-03,59,BB,100,ND,0,0,,-99,0,10,0,0,0
5/19/2002,139,FRAM-04,66,VS,0,-99,-99,-99,-99,0,0,0,0,0,0
5/19/2002,139,HAVI-01,28,BB,100,ND,0,0,,-99,0,25,0,0,0
5/19/2002,139,HAVI-02,36,BB,100,ND,0,0,,-99,0,55,0,0,0
5/19/2002,139,HAVI-03,45,BB,100,ND,0,0,,-99,0,28,0,0,0
5/19/2002,139,POTR-02,67,BB,100,BB,100,100,F,-99,-99,-99,-99,-99,-99
5/19/2002,139,POTR-04,61,BB,100,-99,-99,-99,-99,-99,-99,-99,-99,-99,-99
5/19/2002,139,PRSE-01,3,BB,100,-99,-99,-99,-99,-99,-99,-99,-99,-99,-99
5/19/2002,139,PRSE-02,50,BB,100,-99,-99,-99,-99,-99,-99,-99,-99,-99,-99
5/19/2002,139,PRSE-04,63,BB,100,-99,-99,-99,-99,-99,-99,-99,-99,-99,-99
5/19/2002,139,QUAL-02,42,BB,75,ND,0,0,,-99,0,0,0,0,0
5/19/2002,139,QUAL-03,57,BB,100,ND,0,0,,-99,0,3,0,0,0
5/19/2002,139,QUAL-04,17,BB,97,ND,0,0,,-99,0,8,0,0,0
5/19/2002,139,QURU-01,15,BB,100,-99,-99,-99,,-99,0,35,0,0,0
5/19/2002,139,QURU-02,37,BB,100,-99,-99,-99,,-99,0,8,0,0,0
5/19/2002,139,QURU-03,48,BB,100,BB,100,-99,,-99,0,45,0,0,0
5/19/2002,139,QURU-04,64,BB,100,BB,100,-99,,-99,0,10,0,0,0
5/19/2002,139,QUVE-01,21,BB,100,BB,100,-99,,-99,-99,-99,-99,-99,-99
5/19/2002,139,QUVE-02,40,BB,98,-99,-99,-99,,-99,-99,-99,-99,-99,-99
5/19/2002,139,QUVE-03,46,BB,98,ND,0,0,,-99,-99,-99,-99,-99,-99
5/19/2002,139,QUVE-04,47,BB,98,ND,0,0,,-99,-99,-99,-99,-99,-99
5/19/2002,139,SAPU-01,6,BB,100,-99,-99,-99,-99,-99,-99,-99,-99,-99,-99
5/19/2002,139,SAPU-02,60,BB,100,-99,-99,-99,-99,-99,-99,-99,-99,-99,-99
5/19/2002,139,SAPU-03,11,BB,100,-99,-99,-99,-99,-99,-99,-99,-99,-99,-99
5/19/2002,139,SAPU-04,12,BB,100,-99,-99,-99,-99,-99,-99,-99,-99,-99,-99
5/19/2002,139,VIAL-01,19,-99,-99,-99,-99,-99,-99,-99,-99,-99,-99,-99,-99
5/19/2002,139,VIAL-02,32,-99,-99,-99,-99,-99,-99,-99,-99,-99,-99,-99,-99
5/19/2002,139,VICA-01,4,BB,100,-99,-99,-99,-99,-99,-99,-99,-99,-99,-99
5/19/2002,139,VICA-02,16,BB,100,-99,-99,-99,-99,-99,-99,-99,-99,-99,-99
5/19/2002,139,VICA-03,31,BB,100,-99,-99,-99,-99,-99,-99,-99,-99,-99,-99
5/23/2002,143,ACPE-01,20,BB,100,BB,100,25,M,15,14,63,40,0,0
5/23/2002,143,ACPE-02,25,BB,100,BB,100,20,M,15,14,48,0,0,0
5/23/2002,143,ACPE-03,27,BB,100,-99,-99,-99,M,15,16,43,0,0,0
5/23/2002,143,ACPE-04,39,BB,98,BB,100,-99,M,9,9,28,0,0,0
5/23/2002,143,ACRU-01,5,BB,98,BB,100,100,M,-99,-99,28,0,0,0
5/23/2002,143,ACRU-02,24,BB,100,BB,100,100,M,-99,-99,40,0,0,0
5/23/2002,143,ACRU-03,38,BB,100,BB,100,100,M,-99,-99,13,0,0,0
5/23/2002,143,ACRU-04,41,BB,100,BB,100,100,M,8,8,23,0,0,0
5/23/2002,143,ACRU-05,65,BB,100,BB,100,100,F,11,11,80,80,-99,0
5/23/2002,143,ACSA-01,9,BB,100,ND,0,0,,11,12,73,65,15,S
5/23/2002,143,ACSA-02,58,BB,100,ND,0,0,,15,15,78,80,25,0
5/23/2002,143,ACSA-03,62,BB,100,BB,100,-99,,-99,-99,88,80,35,S
5/23/2002,143,AMSP-01,1,BB,100,-99,-99,-99,-99,-99,-99,-99,-99,-99,-99
5/23/2002,143,AMSP-02,8,BB,100,-99,-99,-99,-99,-99,-99,-99,-99,-99,-99
5/23/2002,143,AMSP-03,34,-99,-99,-99,-99,-99,-99,-99,-99,-99,-99,-99,-99
5/23/2002,143,BEAL-01,13,BB,100,-99,-99,-99,,11,0,63,50,0,S
5/23/2002,143,BEAL-02,29,BB,98,-99,-99,-99,,7,0,38,0,0,0
5/23/2002,143,BEAL-03,35,BB,100,-99,-99,-99,,7,0,35,0,0,0
5/23/2002,143,BELE-01,10,BB,100,-99,-99,-99,,-99,-99,-99,-99,-99,-99
5/23/2002,143,BELE-02,30,BB,100,-99,-99,-99,,-99,-99,-99,-99,-99,-99
5/23/2002,143,BELE-03,44,BB,100,-99,-99,-99,-99,-99,-99,-99,-99,-99,-99
5/23/2002,143,BEPA-01,22,BB,100,BB,100,-99,,-99,-99,-99,-99,-99,-99
5/23/2002,143,BEPA-02,51,BB,100,-99,-99,-99,,-99,-99,-99,-99,-99,-99
5/23/2002,143,BEPA-03,52,BB,100,-99,-99,-99,,-99,-99,-99,-99,-99,-99
5/23/2002,143,BEPA-04,53,BB,100,-99,-99,-99,,-99,-99,-99,-99,-99,-99
5/23/2002,143,COAL-01,7,BB,100,-99,-99,-99,-99,-99,-99,-99,-99,-99,-99
5/23/2002,143,COAL-03,54,BB,100,-99,-99,-99,-99,-99,-99,-99,-99,-99,-99
5/23/2002,143,COAL-04,14,BB,100,-99,-99,-99,-99,-99,-99,-99,-99,-99,-99
5/23/2002,143,CRSP-01,23,BB,100,-99,-99,-99,-99,-99,-99,-99,-99,-99,-99
5/23/2002,143,CRSP-02,49,BB,100,-99,-99,-99,,-99,-99,-99,-99,-99,-99
5/23/2002,143,CRSP-03,43,BB,100,-99,-99,-99,-99,-99,-99,-99,-99,-99,-99
5/23/2002,143,FAGR-01,18,BB,100,-99,-99,-99,,-99,-99,-99,-99,-99,-99
5/23/2002,143,FAGR-02,26,BB,100,ND,0,0,,-99,-99,-99,-99,-99,-99
5/23/2002,143,FAGR-03,33,BB,100,-99,-99,-99,,-99,-99,-99,-99,-99,-99
5/23/2002,143,FAGR-04,56,BB,100,-99,-99,-99,-99,-99,-99,-99,-99,-99,-99
5/23/2002,143,FRAM-01,2,BB,100,ND,0,0,,-99,0,23,0,0,0
5/23/2002,143,FRAM-02,55,BB,100,ND,0,0,,-99,0,15,0,0,0
5/23/2002,143,FRAM-03,59,BB,100,ND,0,0,,17,0,20,0,0,0
5/23/2002,143,FRAM-04,66,BB,70,-99,-99,-99,-99,0,0,3,0,0,0
5/23/2002,143,HAVI-01,28,BB,100,ND,0,0,,9,0,35,0,0,0
5/23/2002,143,HAVI-02,36,BB,100,ND,0,0,,9,0,48,20,0,0
5/23/2002,143,HAVI-03,45,BB,100,ND,0,0,,8,0,38,0,0,0
5/23/2002,143,POTR-02,67,BB,100,BB,100,100,F,-99,-99,-99,-99,-99,-99
5/23/2002,143,POTR-04,61,BB,100,-99,-99,-99,-99,-99,-99,-99,-99,-99,-99
5/23/2002,143,PRSE-01,3,BB,100,-99,-99,-99,-99,-99,-99,-99,-99,-99,-99
5/23/2002,143,PRSE-02,50,BB,100,-99,-99,-99,-99,-99,-99,-99,-99,-99,-99
5/23/2002,143,PRSE-04,63,BB,100,-99,-99,-99,-99,-99,-99,-99,-99,-99,-99
5/23/2002,143,QUAL-02,42,BB,90,ND,0,0,,-99,0,5,0,0,0
5/23/2002,143,QUAL-03,57,BB,100,ND,0,0,,-99,0,13,0,0,0
5/23/2002,143,QUAL-04,17,BB,80,ND,0,0,,8,0,18,0,0,0
5/23/2002,143,QURU-01,15,BB,100,BB,100,25,,-99,0,30,0,0,0
5/23/2002,143,QURU-02,37,BB,98,-99,-99,-99,,-99,0,13,0,0,0
5/23/2002,143,QURU-03,48,BB,100,BB,100,-99,,-99,0,40,0,0,0
5/23/2002,143,QURU-04,64,BB,100,BB,100,-99,,6,0,30,0,0,0
5/23/2002,143,QUVE-01,21,BB,100,BB,100,-99,,-99,-99,-99,-99,-99,-99
5/23/2002,143,QUVE-02,40,BB,98,-99,-99,-99,,-99,-99,-99,-99,-99,-99
5/23/2002,143,QUVE-03,46,BB,99,ND,0,0,,-99,-99,-99,-99,-99,-99
5/23/2002,143,QUVE-04,47,BB,100,ND,0,0,,-99,-99,-99,-99,-99,-99
5/23/2002,143,SAPU-01,6,BB,100,-99,-99,-99,-99,-99,-99,-99,-99,-99,-99
5/23/2002,143,SAPU-02,60,BB,100,-99,-99,-99,-99,-99,-99,-99,-99,-99,-99
5/23/2002,143,SAPU-03,11,BB,100,-99,-99,-99,-99,-99,-99,-99,-99,-99,-99
5/23/2002,143,SAPU-04,12,BB,100,-99,-99,-99,-99,-99,-99,-99,-99,-99,-99
5/23/2002,143,VIAL-01,19,-99,-99,-99,-99,-99,-99,-99,-99,-99,-99,-99,-99
5/23/2002,143,VIAL-02,32,-99,-99,-99,-99,-99,-99,-99,-99,-99,-99,-99,-99
5/23/2002,143,VICA-01,4,BB,100,-99,-99,-99,-99,-99,-99,-99,-99,-99,-99
5/23/2002,143,VICA-02,16,BB,100,-99,-99,-99,-99,-99,-99,-99,-99,-99,-99
5/23/2002,143,VICA-03,31,BB,100,-99,-99,-99,-99,-99,-99,-99,-99,-99,-99
5/28/2002,148,ACPE-01,20,BB,100,BB,100,90,M,18,16,68,75,25,S
5/28/2002,148,ACPE-02,25,BB,100,BB,100,80,M,19,18,60,50,0,S
5/28/2002,148,ACPE-03,27,BB,100,BB,100,100,M,19,20,68,65,10,0
5/28/2002,148,ACPE-04,39,BB,100,BB,100,75,M,14,14,63,35,5,S
5/28/2002,148,ACRU-01,5,BB,100,BB,100,100,M,-99,-99,50,50,0,0
5/28/2002,148,ACRU-02,24,BB,100,BB,100,100,M,-99,-99,58,60,0,0
5/28/2002,148,ACRU-03,38,BB,100,BB,100,100,M,-99,-99,55,20,0,0
5/28/2002,148,ACRU-04,41,BB,100,BB,100,100,M,11,12,48,10,0,0
5/28/2002,148,ACRU-05,65,BB,100,BB,100,100,F,12,13,90,80,75,S
5/28/2002,148,ACSA-01,9,BB,100,ND,0,0,,-99,-99,95,80,75,0
5/28/2002,148,ACSA-02,58,BB,100,ND,0,0,,14,15,93,80,90,0
5/28/2002,148,ACSA-03,62,BB,100,BB,100,-99,,-99,-99,93,80,90,0
5/28/2002,148,AMSP-01,1,BB,100,-99,-99,-99,-99,-99,-99,-99,-99,-99,-99
5/28/2002,148,AMSP-02,8,BB,100,-99,-99,-99,-99,-99,-99,-99,-99,-99,-99
5/28/2002,148,AMSP-03,34,-99,-99,-99,-99,-99,-99,-99,-99,-99,-99,-99,-99
5/28/2002,148,BEAL-01,13,BB,100,-99,-99,-99,,12,0,80,80,20,S
5/28/2002,148,BEAL-02,29,BB,100,-99,-99,-99,,9,0,60,50,0,0
5/28/2002,148,BEAL-03,35,BB,100,-99,-99,-99,,8,0,63,50,0,S
5/28/2002,148,BELE-01,10,BB,100,-99,-99,-99,,-99,-99,-99,-99,-99,-99
5/28/2002,148,BELE-02,30,BB,100,-99,-99,-99,,-99,-99,-99,-99,-99,-99
5/28/2002,148,BELE-03,44,BB,100,-99,-99,-99,-99,-99,-99,-99,-99,-99,-99
5/28/2002,148,BEPA-01,22,BB,100,BB,100,-99,,-99,-99,-99,-99,-99,-99
5/28/2002,148,BEPA-02,51,BB,100,-99,-99,-99,,-99,-99,-99,-99,-99,-99
5/28/2002,148,BEPA-03,52,BB,100,-99,-99,-99,,-99,-99,-99,-99,-99,-99
5/28/2002,148,BEPA-04,53,BB,100,-99,-99,-99,,-99,-99,-99,-99,-99,-99
5/28/2002,148,COAL-01,7,BB,100,-99,-99,-99,-99,-99,-99,-99,-99,-99,-99
5/28/2002,148,COAL-03,54,BB,100,-99,-99,-99,-99,-99,-99,-99,-99,-99,-99
5/28/2002,148,COAL-04,14,BB,100,-99,-99,-99,-99,-99,-99,-99,-99,-99,-99
5/28/2002,148,CRSP-01,23,BB,100,-99,-99,-99,-99,-99,-99,-99,-99,-99,-99
5/28/2002,148,CRSP-02,49,BB,100,-99,-99,-99,,-99,-99,-99,-99,-99,-99
5/28/2002,148,CRSP-03,43,BB,100,-99,-99,-99,-99,-99,-99,-99,-99,-99,-99
5/28/2002,148,FAGR-01,18,BB,100,-99,-99,-99,,-99,-99,-99,-99,-99,-99
5/28/2002,148,FAGR-02,26,BB,100,-99,-99,-99,,-99,-99,-99,-99,-99,-99
5/28/2002,148,FAGR-03,33,BB,100,-99,-99,-99,,-99,-99,-99,-99,-99,-99
5/28/2002,148,FAGR-04,56,BB,100,-99,-99,-99,-99,-99,-99,-99,-99,-99,-99
5/28/2002,148,FRAM-01,2,BB,100,ND,0,0,,-99,0,50,0,0,0
5/28/2002,148,FRAM-02,55,BB,100,ND,0,0,,-99,0,25,0,0,0
5/28/2002,148,FRAM-03,59,BB,100,ND,0,0,,25,0,43,0,0,0
5/28/2002,148,FRAM-04,66,BB,100,-99,-99,-99,-99,10,0,13,0,0,0
5/28/2002,148,HAVI-01,28,BB,100,ND,0,0,,11,0,50,35,0,0
5/28/2002,148,HAVI-02,36,BB,100,ND,0,0,,11,0,70,65,15,S
5/28/2002,148,HAVI-03,45,BB,100,ND,0,0,,9,0,55,20,0,0
5/28/2002,148,POTR-02,67,BB,100,BB,100,100,F,-99,-99,-99,-99,-99,-99
5/28/2002,148,POTR-04,61,BB,100,-99,-99,-99,-99,-99,-99,-99,-99,-99,-99
5/28/2002,148,PRSE-01,3,BB,100,-99,-99,-99,-99,-99,-99,-99,-99,-99,-99
5/28/2002,148,PRSE-02,50,BB,100,-99,-99,-99,-99,-99,-99,-99,-99,-99,-99
5/28/2002,148,PRSE-04,63,BB,100,-99,-99,-99,-99,-99,-99,-99,-99,-99,-99
5/28/2002,148,QUAL-02,42,BB,100,ND,0,0,,-99,0,18,0,0,0
5/28/2002,148,QUAL-03,57,BB,100,ND,0,0,,10,0,30,0,0,0
5/28/2002,148,QUAL-04,17,BB,95,ND,0,0,,13,0,35,0,0,0
5/28/2002,148,QURU-01,15,BB,100,BB,100,100,,-99,0,53,20,0,0
5/28/2002,148,QURU-02,37,BB,100,-99,-99,-99,,-99,0,25,0,0,0
5/28/2002,148,QURU-03,48,BB,100,BB,100,-99,,-99,0,58,35,0,0
5/28/2002,148,QURU-04,64,BB,100,BB,100,100,,13,0,50,25,0,0
5/28/2002,148,QUVE-01,21,BB,100,BB,100,-99,,-99,-99,-99,-99,-99,-99
5/28/2002,148,QUVE-02,40,-99,-99,-99,-99,-99,,-99,-99,-99,-99,-99,-99
5/28/2002,148,QUVE-03,46,-99,-99,-99,-99,-99,-99,-99,-99,-99,-99,-99,-99
5/28/2002,148,QUVE-04,47,BB,100,-99,-99,-99,-99,-99,-99,-99,-99,-99,-99
5/28/2002,148,SAPU-01,6,BB,100,-99,-99,-99,-99,-99,-99,-99,-99,-99,-99
5/28/2002,148,SAPU-02,60,BB,100,-99,-99,-99,-99,-99,-99,-99,-99,-99,-99
5/28/2002,148,SAPU-03,11,BB,100,-99,-99,-99,-99,-99,-99,-99,-99,-99,-99
5/28/2002,148,SAPU-04,12,BB,100,-99,-99,-99,-99,-99,-99,-99,-99,-99,-99
5/28/2002,148,VIAL-01,19,-99,-99,-99,-99,-99,-99,-99,-99,-99,-99,-99,-99
5/28/2002,148,VIAL-02,32,-99,-99,-99,-99,-99,-99,-99,-99,-99,-99,-99,-99
5/28/2002,148,VICA-01,4,BB,100,-99,-99,-99,-99,-99,-99,-99,-99,-99,-99
5/28/2002,148,VICA-02,16,BB,100,-99,-99,-99,-99,-99,-99,-99,-99,-99,-99
5/28/2002,148,VICA-03,31,BB,100,-99,-99,-99,-99,-99,-99,-99,-99,-99,-99
6/2/2002,153,ACPE-01,20,BB,100,BB,100,100,M,18,17,80,80,40,S
6/2/2002,153,ACPE-02,25,BB,100,BB,100,100,M,21,20,70,80,40,S
6/2/2002,153,ACPE-03,27,BB,100,BB,100,100,M,19,20,73,80,25,0
6/2/2002,153,ACPE-04,39,BB,100,BB,100,100,M,15,17,73,75,25,S
6/2/2002,153,ACRU-01,5,BB,100,BB,100,100,M,-99,-99,70,80,35,S
6/2/2002,153,ACRU-02,24,BB,100,BB,100,100,M,-99,-99,73,80,25,0
6/2/2002,153,ACRU-03,38,BB,100,BB,100,100,M,-99,-99,68,70,0,0
6/2/2002,153,ACRU-04,41,BB,100,BB,100,100,M,12,14,73,80,20,0
6/2/2002,153,ACRU-05,65,BB,100,BB,100,100,F,12,14,93,90,75,S
6/2/2002,153,ACSA-01,9,BB,100,ND,0,0,,13,14,85,80,75,0
6/2/2002,153,ACSA-02,58,BB,100,ND,0,0,,15,15,95,80,95,0
6/2/2002,153,ACSA-03,62,BB,100,BB,100,-99,,-99,-99,95,80,90,0
6/2/2002,153,AMSP-01,1,BB,100,-99,-99,-99,-99,-99,-99,-99,-99,-99,-99
6/2/2002,153,AMSP-02,8,BB,100,-99,-99,-99,-99,-99,-99,-99,-99,-99,-99
6/2/2002,153,AMSP-03,34,BB,100,-99,-99,-99,-99,-99,-99,-99,-99,-99,-99
6/2/2002,153,BEAL-01,13,BB,100,-99,-99,-99,,14,0,88,80,50,S
6/2/2002,153,BEAL-02,29,BB,100,-99,-99,-99,,9,0,83,80,35,0
6/2/2002,153,BEAL-03,35,BB,100,-99,-99,-99,,9,0,75,75,20,S
6/2/2002,153,BELE-01,10,BB,100,-99,-99,-99,,-99,-99,-99,-99,-99,-99
6/2/2002,153,BELE-02,30,BB,100,-99,-99,-99,,-99,-99,-99,-99,-99,-99
6/2/2002,153,BELE-03,44,BB,100,-99,-99,-99,-99,-99,-99,-99,-99,-99,-99
6/2/2002,153,BEPA-01,22,BB,100,BB,100,-99,,-99,-99,-99,-99,-99,-99
6/2/2002,153,BEPA-02,51,BB,100,-99,-99,-99,,-99,-99,-99,-99,-99,-99
6/2/2002,153,BEPA-03,52,BB,100,-99,-99,-99,,-99,-99,-99,-99,-99,-99
6/2/2002,153,BEPA-04,53,BB,100,-99,-99,-99,,-99,-99,-99,-99,-99,-99
6/2/2002,153,COAL-01,7,BB,100,-99,-99,-99,-99,-99,-99,-99,-99,-99,-99
6/2/2002,153,COAL-03,54,BB,100,-99,-99,-99,-99,-99,-99,-99,-99,-99,-99
6/2/2002,153,COAL-04,14,BB,100,-99,-99,-99,-99,-99,-99,-99,-99,-99,-99
6/2/2002,153,CRSP-01,23,BB,100,-99,-99,-99,-99,-99,-99,-99,-99,-99,-99
6/2/2002,153,CRSP-02,49,BB,100,-99,-99,-99,,-99,-99,-99,-99,-99,-99
6/2/2002,153,CRSP-03,43,BB,100,-99,-99,-99,-99,-99,-99,-99,-99,-99,-99
6/2/2002,153,FAGR-01,18,BB,100,-99,-99,-99,,-99,-99,-99,-99,-99,-99
6/2/2002,153,FAGR-02,26,BB,100,-99,-99,-99,,-99,-99,-99,-99,-99,-99
6/2/2002,153,FAGR-03,33,BB,100,-99,-99,-99,,-99,-99,-99,-99,-99,-99
6/2/2002,153,FAGR-04,56,BB,100,-99,-99,-99,-99,-99,-99,-99,-99,-99,-99
6/2/2002,153,FRAM-01,2,BB,100,ND,0,0,,30,0,70,70,0,0
6/2/2002,153,FRAM-02,55,BB,100,ND,0,0,,-99,0,60,50,0,0
6/2/2002,153,FRAM-03,59,BB,100,ND,0,0,,28,0,70,65,0,0
6/2/2002,153,FRAM-04,66,BB,100,-99,-99,-99,-99,28,0,50,20,0,0
6/2/2002,153,HAVI-01,28,BB,100,ND,0,0,,12,0,70,75,25,0
6/2/2002,153,HAVI-02,36,BB,100,ND,0,0,,11,0,78,80,30,S
6/2/2002,153,HAVI-03,45,BB,100,ND,0,0,,10,0,78,80,30,S
6/2/2002,153,POTR-02,67,BB,100,BB,100,100,F,-99,-99,-99,-99,-99,-99
6/2/2002,153,POTR-04,61,BB,100,-99,-99,-99,-99,-99,-99,-99,-99,-99,-99
6/2/2002,153,PRSE-01,3,BB,100,-99,-99,-99,-99,-99,-99,-99,-99,-99,-99
6/2/2002,153,PRSE-02,50,BB,100,-99,-99,-99,-99,-99,-99,-99,-99,-99,-99
6/2/2002,153,PRSE-04,63,BB,100,-99,-99,-99,-99,-99,-99,-99,-99,-99,-99
6/2/2002,153,QUAL-02,42,BB,100,ND,0,0,,11,0,58,40,0,0
6/2/2002,153,QUAL-03,57,BB,100,ND,0,0,,14,0,70,75,20,0
6/2/2002,153,QUAL-04,17,BB,100,ND,0,0,,17,0,50,30,0,0
6/2/2002,153,QURU-01,15,BB,100,BB,100,100,,-99,0,68,65,0,0
6/2/2002,153,QURU-02,37,BB,100,-99,-99,-99,,15,0,65,55,0,0
6/2/2002,153,QURU-03,48,BB,100,BB,100,-99,,-99,0,78,80,40,0
6/2/2002,153,QURU-04,64,BB,100,BB,100,100,,15,0,75,80,25,0
6/2/2002,153,QUVE-01,21,BB,100,BB,100,-99,,-99,-99,-99,-99,-99,-99
6/2/2002,153,QUVE-02,40,BB,100,-99,-99,-99,,-99,-99,-99,-99,-99,-99
6/2/2002,153,QUVE-03,46,BB,100,-99,-99,-99,-99,-99,-99,-99,-99,-99,-99
6/2/2002,153,QUVE-04,47,BB,100,-99,-99,-99,-99,-99,-99,-99,-99,-99,-99
6/2/2002,153,SAPU-01,6,BB,100,-99,-99,-99,-99,-99,-99,-99,-99,-99,-99
6/2/2002,153,SAPU-02,60,BB,100,-99,-99,-99,-99,-99,-99,-99,-99,-99,-99
6/2/2002,153,SAPU-03,11,BB,100,-99,-99,-99,-99,-99,-99,-99,-99,-99,-99
6/2/2002,153,SAPU-04,12,BB,100,-99,-99,-99,-99,-99,-99,-99,-99,-99,-99
6/2/2002,153,VIAL-01,19,-99,-99,-99,-99,-99,-99,-99,-99,-99,-99,-99,-99
6/2/2002,153,VIAL-02,32,-99,-99,-99,-99,-99,-99,-99,-99,-99,-99,-99,-99
6/2/2002,153,VICA-01,4,BB,100,-99,-99,-99,-99,-99,-99,-99,-99,-99,-99
6/2/2002,153,VICA-02,16,BB,100,-99,-99,-99,-99,-99,-99,-99,-99,-99,-99
6/2/2002,153,VICA-03,31,BB,100,-99,-99,-99,-99,-99,-99,-99,-99,-99,-99
6/7/2002,158,ACPE-01,20,BB,100,BB,100,100,M,18,17,83,80,75,S
6/7/2002,158,ACPE-02,25,BB,100,BB,100,100,M,21,20,80,80,65,S
6/7/2002,158,ACPE-03,27,BB,100,BB,100,100,M,19,20,88,80,75,0
6/7/2002,158,ACPE-04,39,BB,100,BB,100,100,M,17,17,75,75,45,S
6/7/2002,158,ACRU-01,5,BB,100,BB,100,100,M,-99,-99,83,80,75,S
6/7/2002,158,ACRU-02,24,BB,100,BB,100,100,M,-99,-99,88,80,80,S
6/7/2002,158,ACRU-03,38,BB,100,BB,100,100,M,-99,-99,80,80,60,0
6/7/2002,158,ACRU-04,41,BB,100,BB,100,100,M,12,14,78,80,45,0
6/7/2002,158,ACRU-05,65,BB,100,BB,100,100,F,12,14,90,80,95,S
6/7/2002,158,ACSA-01,9,BB,100,ND,0,0,,14,15,95,80,97,0
6/7/2002,158,ACSA-02,58,BB,100,ND,0,0,,15,15,98,80,97,0
6/7/2002,158,ACSA-03,62,BB,100,BB,100,-99,,-99,-99,98,80,97,0
6/7/2002,158,AMSP-01,1,BB,100,-99,-99,-99,-99,-99,-99,-99,-99,-99,-99
6/7/2002,158,AMSP-02,8,BB,100,-99,-99,-99,-99,-99,-99,-99,-99,-99,-99
6/7/2002,158,AMSP-03,34,BB,100,-99,-99,-99,-99,-99,-99,-99,-99,-99,-99
6/7/2002,158,BEAL-01,13,BB,100,-99,-99,-99,,14,0,93,80,95,S
6/7/2002,158,BEAL-02,29,BB,100,-99,-99,-99,,9,0,83,80,80,0
6/7/2002,158,BEAL-03,35,BB,100,-99,-99,-99,,9,0,88,80,75,S
6/7/2002,158,BELE-01,10,BB,100,-99,-99,-99,,-99,-99,-99,-99,-99,-99
6/7/2002,158,BELE-02,30,BB,100,-99,-99,-99,,-99,-99,-99,-99,-99,-99
6/7/2002,158,BELE-03,44,BB,100,-99,-99,-99,-99,-99,-99,-99,-99,-99,-99
6/7/2002,158,BEPA-01,22,BB,100,BB,100,-99,,-99,-99,-99,-99,-99,-99
6/7/2002,158,BEPA-02,51,BB,100,-99,-99,-99,,-99,-99,-99,-99,-99,-99
6/7/2002,158,BEPA-03,52,BB,100,-99,-99,-99,,-99,-99,-99,-99,-99,-99
6/7/2002,158,BEPA-04,53,BB,100,-99,-99,-99,,-99,-99,-99,-99,-99,-99
6/7/2002,158,COAL-01,7,BB,100,-99,-99,-99,-99,-99,-99,-99,-99,-99,-99
6/7/2002,158,COAL-03,54,BB,100,-99,-99,-99,-99,-99,-99,-99,-99,-99,-99
6/7/2002,158,COAL-04,14,BB,100,-99,-99,-99,-99,-99,-99,-99,-99,-99,-99
6/7/2002,158,CRSP-01,23,BB,100,-99,-99,-99,-99,-99,-99,-99,-99,-99,-99
6/7/2002,158,CRSP-02,49,BB,100,-99,-99,-99,,-99,-99,-99,-99,-99,-99
6/7/2002,158,CRSP-03,43,BB,100,-99,-99,-99,-99,-99,-99,-99,-99,-99,-99
6/7/2002,158,FAGR-01,18,BB,100,-99,-99,-99,,-99,-99,-99,-99,-99,-99
6/7/2002,158,FAGR-02,26,BB,100,-99,-99,-99,,-99,-99,-99,-99,-99,-99
6/7/2002,158,FAGR-03,33,BB,100,-99,-99,-99,,-99,-99,-99,-99,-99,-99
6/7/2002,158,FAGR-04,56,BB,100,-99,-99,-99,-99,-99,-99,-99,-99,-99,-99
6/7/2002,158,FRAM-01,2,BB,100,ND,0,0,,33,0,83,80,35,0
6/7/2002,158,FRAM-02,55,BB,100,ND,0,0,,-99,0,70,70,0,0
6/7/2002,158,FRAM-03,59,BB,100,ND,0,0,,31,0,83,80,30,0
6/7/2002,158,FRAM-04,66,BB,100,-99,-99,-99,-99,32,0,60,70,0,0
6/7/2002,158,HAVI-01,28,BB,100,ND,0,0,,13,0,73,80,45,0
6/7/2002,158,HAVI-02,36,BB,100,ND,0,0,,11,0,88,80,75,S
6/7/2002,158,HAVI-03,45,BB,100,ND,0,0,,10,0,88,80,65,S
6/7/2002,158,POTR-02,67,BB,100,BB,100,100,F,-99,-99,-99,-99,-99,-99
6/7/2002,158,POTR-04,61,BB,100,-99,-99,-99,-99,-99,-99,-99,-99,-99,-99
6/7/2002,158,PRSE-01,3,BB,100,-99,-99,-99,-99,-99,-99,-99,-99,-99,-99
6/7/2002,158,PRSE-02,50,BB,100,-99,-99,-99,-99,-99,-99,-99,-99,-99,-99
6/7/2002,158,PRSE-04,63,BB,100,-99,-99,-99,-99,-99,-99,-99,-99,-99,-99
6/7/2002,158,QUAL-02,42,BB,100,ND,0,0,,13,0,65,75,25,0
6/7/2002,158,QUAL-03,57,BB,100,ND,0,0,,15,0,83,80,75,0
6/7/2002,158,QUAL-04,17,BB,100,ND,0,0,,17,0,63,65,5,0
6/7/2002,158,QURU-01,15,BB,100,BB,100,100,,-99,0,78,75,20,0
6/7/2002,158,QURU-02,37,BB,100,-99,-99,-99,,16,0,73,65,10,0
6/7/2002,158,QURU-03,48,BB,100,BB,100,-99,,-99,0,85,80,65,0
6/7/2002,158,QURU-04,64,BB,100,BB,100,100,,15,0,83,80,70,0
6/7/2002,158,QUVE-01,21,BB,100,BB,100,-99,,-99,-99,-99,-99,-99,-99
6/7/2002,158,QUVE-02,40,BB,100,-99,-99,-99,,-99,-99,-99,-99,-99,-99
6/7/2002,158,QUVE-03,46,BB,100,-99,-99,-99,-99,-99,-99,-99,-99,-99,-99
6/7/2002,158,QUVE-04,47,BB,100,-99,-99,-99,-99,-99,-99,-99,-99,-99,-99
6/7/2002,158,SAPU-01,6,BB,100,-99,-99,-99,-99,-99,-99,-99,-99,-99,-99
6/7/2002,158,SAPU-02,60,BB,100,-99,-99,-99,-99,-99,-99,-99,-99,-99,-99
6/7/2002,158,SAPU-03,11,BB,100,-99,-99,-99,-99,-99,-99,-99,-99,-99,-99
6/7/2002,158,SAPU-04,12,BB,100,-99,-99,-99,-99,-99,-99,-99,-99,-99,-99
6/7/2002,158,VIAL-01,19,-99,-99,-99,-99,-99,-99,-99,-99,-99,-99,-99,-99
6/7/2002,158,VIAL-02,32,-99,-99,-99,-99,-99,-99,-99,-99,-99,-99,-99,-99
6/7/2002,158,VICA-01,4,BB,100,-99,-99,-99,-99,-99,-99,-99,-99,-99,-99
6/7/2002,158,VICA-02,16,BB,100,-99,-99,-99,-99,-99,-99,-99,-99,-99,-99
6/7/2002,158,VICA-03,31,BB,100,-99,-99,-99,-99,-99,-99,-99,-99,-99,-99
6/11/2002,162,ACPE-01,20,BB,100,BB,100,100,M,18,17,88,80,80,S
6/11/2002,162,ACPE-02,25,BB,100,BB,100,100,M,22,21,90,80,90,S
6/11/2002,162,ACPE-03,27,BB,100,BB,100,100,M,20,21,88,80,75,0
6/11/2002,162,ACPE-04,39,BB,100,BB,100,100,M,17,17,80,80,50,F
6/11/2002,162,ACRU-01,5,BB,100,BB,100,100,M,-99,-99,85,80,80,S
6/11/2002,162,ACRU-02,24,BB,100,BB,100,100,M,13,14,90,80,85,S
6/11/2002,162,ACRU-03,38,BB,100,BB,100,100,M,-99,-99,85,80,70,S
6/11/2002,162,ACRU-04,41,BB,100,BB,100,100,M,12,14,83,80,75,F
6/11/2002,162,ACRU-05,65,BB,100,BB,100,100,F,13,14,95,80,95,S
6/11/2002,162,ACSA-01,9,BB,100,ND,0,0,,14,15,95,80,97,0
6/11/2002,162,ACSA-02,58,BB,100,ND,0,0,,15,15,98,80,97,0
6/11/2002,162,ACSA-03,62,BB,100,BB,100,-99,,-99,-99,98,80,97,0
6/11/2002,162,AMSP-01,1,BB,100,-99,-99,-99,-99,-99,-99,-99,-99,-99,-99
6/11/2002,162,AMSP-02,8,BB,100,-99,-99,-99,-99,-99,-99,-99,-99,-99,-99
6/11/2002,162,AMSP-03,34,BB,100,-99,-99,-99,-99,-99,-99,-99,-99,-99,-99
6/11/2002,162,BEAL-01,13,BB,100,-99,-99,-99,,14,0,93,80,95,S
6/11/2002,162,BEAL-02,29,BB,100,-99,-99,-99,,11,0,88,80,85,0
6/11/2002,162,BEAL-03,35,BB,100,-99,-99,-99,,9,0,85,80,60,S
6/11/2002,162,BELE-01,10,BB,100,-99,-99,-99,,-99,-99,-99,-99,-99,-99
6/11/2002,162,BELE-02,30,BB,100,-99,-99,-99,,-99,-99,-99,-99,-99,-99
6/11/2002,162,BELE-03,44,BB,100,-99,-99,-99,-99,-99,-99,-99,-99,-99,-99
6/11/2002,162,BEPA-01,22,BB,100,BB,100,-99,,-99,-99,-99,-99,-99,-99
6/11/2002,162,BEPA-02,51,BB,100,-99,-99,-99,,-99,-99,-99,-99,-99,-99
6/11/2002,162,BEPA-03,52,BB,100,-99,-99,-99,,-99,-99,-99,-99,-99,-99
6/11/2002,162,BEPA-04,53,BB,100,-99,-99,-99,,-99,-99,-99,-99,-99,-99
6/11/2002,162,COAL-01,7,BB,100,-99,-99,-99,-99,-99,-99,-99,-99,-99,-99
6/11/2002,162,COAL-03,54,BB,100,-99,-99,-99,-99,-99,-99,-99,-99,-99,-99
6/11/2002,162,COAL-04,14,BB,100,-99,-99,-99,-99,-99,-99,-99,-99,-99,-99
6/11/2002,162,CRSP-01,23,BB,100,-99,-99,-99,-99,-99,-99,-99,-99,-99,-99
6/11/2002,162,CRSP-02,49,BB,100,-99,-99,-99,,-99,-99,-99,-99,-99,-99
6/11/2002,162,CRSP-03,43,BB,100,-99,-99,-99,-99,-99,-99,-99,-99,-99,-99
6/11/2002,162,FAGR-01,18,BB,100,-99,-99,-99,,-99,-99,-99,-99,-99,-99
6/11/2002,162,FAGR-02,26,BB,100,-99,-99,-99,,-99,-99,-99,-99,-99,-99
6/11/2002,162,FAGR-03,33,BB,100,-99,-99,-99,,-99,-99,-99,-99,-99,-99
6/11/2002,162,FAGR-04,56,BB,100,-99,-99,-99,-99,-99,-99,-99,-99,-99,-99
6/11/2002,162,FRAM-01,2,BB,100,ND,0,0,,33,0,83,80,65,0
6/11/2002,162,FRAM-02,55,BB,100,ND,0,0,,-99,0,78,80,25,0
6/11/2002,162,FRAM-03,59,BB,100,ND,0,0,,31,0,83,80,50,0
6/11/2002,162,FRAM-04,66,BB,100,-99,-99,-99,-99,36,0,73,80,30,0
6/11/2002,162,HAVI-01,28,BB,100,ND,0,0,,13,0,80,80,60,F
6/11/2002,162,HAVI-02,36,BB,100,ND,0,0,,11,0,83,80,65,S
6/11/2002,162,HAVI-03,45,BB,100,ND,0,0,,11,0,85,80,75,S
6/11/2002,162,POTR-02,67,BB,100,BB,100,100,F,-99,-99,-99,-99,-99,-99
6/11/2002,162,POTR-04,61,BB,100,-99,-99,-99,-99,-99,-99,-99,-99,-99,-99
6/11/2002,162,PRSE-01,3,BB,100,-99,-99,-99,-99,-99,-99,-99,-99,-99,-99
6/11/2002,162,PRSE-02,50,BB,100,-99,-99,-99,-99,-99,-99,-99,-99,-99,-99
6/11/2002,162,PRSE-04,63,BB,100,-99,-99,-99,-99,-99,-99,-99,-99,-99,-99
6/11/2002,162,QUAL-02,42,BB,100,ND,0,0,,14,0,75,80,35,0
6/11/2002,162,QUAL-03,57,BB,100,ND,0,0,,16,0,85,80,75,0
6/11/2002,162,QUAL-04,17,BB,100,ND,0,0,,18,0,60,75,20,0
6/11/2002,162,QURU-01,15,BB,100,BB,100,100,,-99,0,78,80,30,0
6/11/2002,162,QURU-02,37,BB,100,-99,-99,-99,,17,0,78,80,25,0
6/11/2002,162,QURU-03,48,BB,100,BB,100,-99,,-99,0,85,80,80,0
6/11/2002,162,QURU-04,64,BB,100,BB,100,100,,16,0,90,80,90,0
6/11/2002,162,QUVE-01,21,BB,100,BB,100,-99,,-99,-99,-99,-99,-99,-99
6/11/2002,162,QUVE-02,40,BB,100,-99,-99,-99,,-99,-99,-99,-99,-99,-99
6/11/2002,162,QUVE-03,46,BB,100,-99,-99,-99,-99,-99,-99,-99,-99,-99,-99
6/11/2002,162,QUVE-04,47,BB,100,-99,-99,-99,-99,-99,-99,-99,-99,-99,-99
6/11/2002,162,SAPU-01,6,BB,100,-99,-99,-99,-99,-99,-99,-99,-99,-99,-99
6/11/2002,162,SAPU-02,60,BB,100,-99,-99,-99,-99,-99,-99,-99,-99,-99,-99
6/11/2002,162,SAPU-03,11,BB,100,-99,-99,-99,-99,-99,-99,-99,-99,-99,-99
6/11/2002,162,SAPU-04,12,BB,100,-99,-99,-99,-99,-99,-99,-99,-99,-99,-99
6/11/2002,162,VIAL-01,19,-99,-99,-99,-99,-99,-99,-99,-99,-99,-99,-99,-99
6/11/2002,162,VIAL-02,32,-99,-99,-99,-99,-99,-99,-99,-99,-99,-99,-99,-99
6/11/2002,162,VICA-01,4,BB,100,-99,-99,-99,-99,-99,-99,-99,-99,-99,-99
6/11/2002,162,VICA-02,16,BB,100,-99,-99,-99,-99,-99,-99,-99,-99,-99,-99
6/11/2002,162,VICA-03,31,BB,100,-99,-99,-99,-99,-99,-99,-99,-99,-99,-99
6/17/2002,168,ACPE-01,20,BB,100,BB,100,100,M,20,20,90,80,97,S
6/17/2002,168,ACPE-02,25,BB,100,BB,100,100,M,23,22,95,80,97,S
6/17/2002,168,ACPE-03,27,BB,100,BB,100,100,M,20,21,93,80,95,F
6/17/2002,168,ACPE-04,39,BB,100,BB,100,100,M,18,19,90,80,90,S
6/17/2002,168,ACRU-01,5,BB,100,BB,100,100,M,-99,-99,93,80,95,S
6/17/2002,168,ACRU-02,24,BB,100,BB,100,100,M,13,14,95,80,97,F
6/17/2002,168,ACRU-03,38,BB,100,BB,100,100,M,-99,-99,93,80,95,S
6/17/2002,168,ACRU-04,41,BB,100,BB,100,100,M,12,14,95,80,97,F
6/17/2002,168,ACRU-05,65,BB,100,BB,100,100,F,13,14,95,80,97,S
6/17/2002,168,ACSA-01,9,BB,100,ND,0,0,,14,15,98,80,97,0
6/17/2002,168,ACSA-02,58,BB,100,ND,0,0,,15,15,100,80,97,0
6/17/2002,168,ACSA-03,62,BB,100,BB,100,-99,,-99,-99,100,80,97,0
6/17/2002,168,AMSP-01,1,BB,100,-99,-99,-99,-99,-99,-99,-99,-99,-99,-99
6/17/2002,168,AMSP-02,8,BB,100,-99,-99,-99,-99,-99,-99,-99,-99,-99,-99
6/17/2002,168,AMSP-03,34,BB,100,-99,-99,-99,-99,-99,-99,-99,-99,-99,-99
6/17/2002,168,BEAL-01,13,BB,100,-99,-99,-99,,14,0,95,80,97,S
6/17/2002,168,BEAL-02,29,BB,100,-99,-99,-99,,11,0,93,80,97,F
6/17/2002,168,BEAL-03,35,BB,100,-99,-99,-99,,9,0,90,80,90,S
6/17/2002,168,BELE-01,10,BB,100,-99,-99,-99,,-99,-99,-99,-99,-99,-99
6/17/2002,168,BELE-02,30,BB,100,-99,-99,-99,,-99,-99,-99,-99,-99,-99
6/17/2002,168,BELE-03,44,BB,100,-99,-99,-99,-99,-99,-99,-99,-99,-99,-99
6/17/2002,168,BEPA-01,22,BB,100,BB,100,-99,,-99,-99,-99,-99,-99,-99
6/17/2002,168,BEPA-02,51,BB,100,-99,-99,-99,,-99,-99,-99,-99,-99,-99
6/17/2002,168,BEPA-03,52,BB,100,-99,-99,-99,,-99,-99,-99,-99,-99,-99
6/17/2002,168,BEPA-04,53,BB,100,-99,-99,-99,,-99,-99,-99,-99,-99,-99
6/17/2002,168,COAL-01,7,BB,100,-99,-99,-99,-99,-99,-99,-99,-99,-99,-99
6/17/2002,168,COAL-03,54,BB,100,-99,-99,-99,-99,-99,-99,-99,-99,-99,-99
6/17/2002,168,COAL-04,14,BB,100,-99,-99,-99,-99,-99,-99,-99,-99,-99,-99
6/17/2002,168,CRSP-01,23,BB,100,-99,-99,-99,-99,-99,-99,-99,-99,-99,-99
6/17/2002,168,CRSP-02,49,BB,100,-99,-99,-99,,-99,-99,-99,-99,-99,-99
6/17/2002,168,CRSP-03,43,BB,100,-99,-99,-99,-99,-99,-99,-99,-99,-99,-99
6/17/2002,168,FAGR-01,18,BB,100,-99,-99,-99,,-99,-99,-99,-99,-99,-99
6/17/2002,168,FAGR-02,26,BB,100,-99,-99,-99,,-99,-99,-99,-99,-99,-99
6/17/2002,168,FAGR-03,33,BB,100,-99,-99,-99,,-99,-99,-99,-99,-99,-99
6/17/2002,168,FAGR-04,56,BB,100,-99,-99,-99,-99,-99,-99,-99,-99,-99,-99
6/17/2002,168,FRAM-01,2,BB,100,ND,0,0,,33,0,83,80,80,0
6/17/2002,168,FRAM-02,55,BB,100,ND,0,0,,-99,0,83,80,90,0
6/17/2002,168,FRAM-03,59,BB,100,ND,0,0,,32,0,90,80,95,0
6/17/2002,168,FRAM-04,66,BB,100,-99,-99,-99,-99,36,0,75,80,65,S
6/17/2002,168,HAVI-01,28,BB,100,ND,0,0,,13,0,90,80,90,0
6/17/2002,168,HAVI-02,36,BB,100,ND,0,0,,11,0,95,80,95,S
6/17/2002,168,HAVI-03,45,BB,100,ND,0,0,,12,0,90,80,95,S
6/17/2002,168,POTR-02,67,BB,100,BB,100,100,F,-99,-99,-99,-99,-99,-99
6/17/2002,168,POTR-04,61,BB,100,-99,-99,-99,-99,-99,-99,-99,-99,-99,-99
6/17/2002,168,PRSE-01,3,BB,100,-99,-99,-99,-99,-99,-99,-99,-99,-99,-99
6/17/2002,168,PRSE-02,50,BB,100,-99,-99,-99,-99,-99,-99,-99,-99,-99,-99
6/17/2002,168,PRSE-04,63,BB,100,-99,-99,-99,-99,-99,-99,-99,-99,-99,-99
6/17/2002,168,QUAL-02,42,BB,100,ND,0,0,,14,0,83,80,70,0
6/17/2002,168,QUAL-03,57,BB,100,ND,0,0,,18,0,90,80,97,0
6/17/2002,168,QUAL-04,17,BB,100,ND,0,0,,18,0,73,80,65,0
6/17/2002,168,QURU-01,15,BB,100,BB,100,100,,-99,0,83,80,85,0
6/17/2002,168,QURU-02,37,BB,100,-99,-99,-99,,18,0,85,80,75,0
6/17/2002,168,QURU-03,48,BB,100,BB,100,-99,,-99,0,93,80,97,0
6/17/2002,168,QURU-04,64,BB,100,BB,100,100,,18,0,93,80,97,0
6/17/2002,168,QUVE-01,21,BB,100,BB,100,-99,,-99,-99,-99,-99,-99,-99
6/17/2002,168,QUVE-02,40,BB,100,-99,-99,-99,,-99,-99,-99,-99,-99,-99
6/17/2002,168,QUVE-03,46,BB,100,-99,-99,-99,-99,-99,-99,-99,-99,-99,-99
6/17/2002,168,QUVE-04,47,BB,100,-99,-99,-99,-99,-99,-99,-99,-99,-99,-99
6/17/2002,168,SAPU-01,6,BB,100,-99,-99,-99,-99,-99,-99,-99,-99,-99,-99
6/17/2002,168,SAPU-02,60,BB,100,-99,-99,-99,-99,-99,-99,-99,-99,-99,-99
6/17/2002,168,SAPU-03,11,BB,100,-99,-99,-99,-99,-99,-99,-99,-99,-99,-99
6/17/2002,168,SAPU-04,12,BB,100,-99,-99,-99,-99,-99,-99,-99,-99,-99,-99
6/17/2002,168,VIAL-01,19,-99,-99,-99,-99,-99,-99,-99,-99,-99,-99,-99,-99
6/17/2002,168,VIAL-02,32,-99,-99,-99,-99,-99,-99,-99,-99,-99,-99,-99,-99
6/17/2002,168,VICA-01,4,BB,100,-99,-99,-99,-99,-99,-99,-99,-99,-99,-99
6/17/2002,168,VICA-02,16,BB,100,-99,-99,-99,-99,-99,-99,-99,-99,-99,-99
6/17/2002,168,VICA-03,31,BB,100,-99,-99,-99,-99,-99,-99,-99,-99,-99,-99
6/25/2002,176,ACPE-01,20,BB,100,BB,100,100,M,20,20,95,80,97,F
6/25/2002,176,ACPE-02,25,BB,100,BB,100,100,M,23,22,95,80,97,S
6/25/2002,176,ACPE-03,27,BB,100,BB,100,100,M,20,21,98,80,97,0
6/25/2002,176,ACPE-04,39,BB,100,BB,100,100,M,18,19,90,80,95,F
6/25/2002,176,ACRU-01,5,BB,100,BB,100,100,M,-99,-99,95,80,97,S
6/25/2002,176,ACRU-02,24,BB,100,BB,100,100,M,13,14,98,80,97,F
6/25/2002,176,ACRU-03,38,BB,100,BB,100,100,M,-99,-99,95,80,97,S
6/25/2002,176,ACRU-04,41,BB,100,BB,100,100,M,12,14,95,80,97,F
6/25/2002,176,ACRU-05,65,BB,100,BB,100,100,F,13,14,100,80,97,S
6/25/2002,176,ACSA-01,9,BB,100,ND,0,0,,14,15,100,80,97,0
6/25/2002,176,ACSA-02,58,BB,100,ND,0,0,,15,15,100,80,97,0
6/25/2002,176,ACSA-03,62,BB,100,BB,100,-99,,11,15,100,80,97,0
6/25/2002,176,AMSP-01,1,BB,100,-99,-99,-99,-99,-99,-99,-99,-99,-99,-99
6/25/2002,176,AMSP-02,8,BB,100,-99,-99,-99,-99,-99,-99,-99,-99,-99,-99
6/25/2002,176,AMSP-03,34,BB,100,-99,-99,-99,-99,-99,-99,-99,-99,-99,-99
6/25/2002,176,BEAL-01,13,BB,100,-99,-99,-99,,14,0,98,80,97,S
6/25/2002,176,BEAL-02,29,BB,100,-99,-99,-99,,11,0,95,80,97,F
6/25/2002,176,BEAL-03,35,BB,100,-99,-99,-99,,9,0,93,80,90,S
6/25/2002,176,BELE-01,10,BB,100,-99,-99,-99,,-99,-99,-99,-99,-99,-99
6/25/2002,176,BELE-02,30,BB,100,-99,-99,-99,,-99,-99,-99,-99,-99,-99
6/25/2002,176,BELE-03,44,BB,100,-99,-99,-99,-99,-99,-99,-99,-99,-99,-99
6/25/2002,176,BEPA-01,22,BB,100,BB,100,-99,,-99,-99,-99,-99,-99,-99
6/25/2002,176,BEPA-02,51,BB,100,-99,-99,-99,,-99,-99,-99,-99,-99,-99
6/25/2002,176,BEPA-03,52,BB,100,-99,-99,-99,,-99,-99,-99,-99,-99,-99
6/25/2002,176,BEPA-04,53,BB,100,-99,-99,-99,,-99,-99,-99,-99,-99,-99
6/25/2002,176,COAL-01,7,BB,100,-99,-99,-99,-99,-99,-99,-99,-99,-99,-99
6/25/2002,176,COAL-03,54,BB,100,-99,-99,-99,-99,-99,-99,-99,-99,-99,-99
6/25/2002,176,COAL-04,14,BB,100,-99,-99,-99,-99,-99,-99,-99,-99,-99,-99
6/25/2002,176,CRSP-01,23,BB,100,-99,-99,-99,-99,-99,-99,-99,-99,-99,-99
6/25/2002,176,CRSP-02,49,BB,100,-99,-99,-99,,-99,-99,-99,-99,-99,-99
6/25/2002,176,CRSP-03,43,BB,100,-99,-99,-99,-99,-99,-99,-99,-99,-99,-99
6/25/2002,176,FAGR-01,18,BB,100,-99,-99,-99,,-99,-99,-99,-99,-99,-99
6/25/2002,176,FAGR-02,26,BB,100,-99,-99,-99,,-99,-99,-99,-99,-99,-99
6/25/2002,176,FAGR-03,33,BB,100,-99,-99,-99,,-99,-99,-99,-99,-99,-99
6/25/2002,176,FAGR-04,56,BB,100,-99,-99,-99,-99,-99,-99,-99,-99,-99,-99
6/25/2002,176,FRAM-01,2,BB,100,ND,0,0,,33,0,90,80,95,0
6/25/2002,176,FRAM-02,55,BB,100,ND,0,0,,-99,0,98,80,97,0
6/25/2002,176,FRAM-03,59,BB,100,ND,0,0,,32,0,95,80,97,0
6/25/2002,176,FRAM-04,66,BB,100,-99,-99,-99,-99,36,0,85,80,90,S
6/25/2002,176,HAVI-01,28,BB,100,ND,0,0,,13,0,93,80,95,0
6/25/2002,176,HAVI-02,36,BB,100,ND,0,0,,11,0,95,80,97,F
6/25/2002,176,HAVI-03,45,BB,100,ND,0,0,,12,0,95,80,97,S
6/25/2002,176,POTR-02,67,BB,100,BB,100,100,F,-99,-99,-99,-99,-99,-99
6/25/2002,176,POTR-04,61,BB,100,-99,-99,-99,-99,-99,-99,-99,-99,-99,-99
6/25/2002,176,PRSE-01,3,BB,100,-99,-99,-99,-99,-99,-99,-99,-99,-99,-99
6/25/2002,176,PRSE-02,50,BB,100,-99,-99,-99,-99,-99,-99,-99,-99,-99,-99
6/25/2002,176,PRSE-04,63,BB,100,-99,-99,-99,-99,-99,-99,-99,-99,-99,-99
6/25/2002,176,QUAL-02,42,BB,100,ND,0,0,,14,0,93,80,95,0
6/25/2002,176,QUAL-03,57,BB,100,ND,0,0,,18,0,98,80,97,0
6/25/2002,176,QUAL-04,17,BB,100,ND,0,0,,18,0,90,80,90,0
6/25/2002,176,QURU-01,15,BB,100,BB,100,100,,-99,0,93,80,95,0
6/25/2002,176,QURU-02,37,BB,100,-99,-99,-99,,18,0,90,80,95,0
6/25/2002,176,QURU-03,48,BB,100,BB,100,-99,,-99,0,93,80,97,0
6/25/2002,176,QURU-04,64,BB,100,BB,100,100,,18,0,98,80,97,0
6/25/2002,176,QUVE-01,21,BB,100,BB,100,-99,,-99,-99,-99,-99,-99,-99
6/25/2002,176,QUVE-02,40,BB,100,-99,-99,-99,,-99,-99,-99,-99,-99,-99
6/25/2002,176,QUVE-03,46,BB,100,-99,-99,-99,-99,-99,-99,-99,-99,-99,-99
6/25/2002,176,QUVE-04,47,BB,100,-99,-99,-99,-99,-99,-99,-99,-99,-99,-99
6/25/2002,176,SAPU-01,6,BB,100,-99,-99,-99,-99,-99,-99,-99,-99,-99,-99
6/25/2002,176,SAPU-02,60,BB,100,-99,-99,-99,-99,-99,-99,-99,-99,-99,-99
6/25/2002,176,SAPU-03,11,BB,100,-99,-99,-99,-99,-99,-99,-99,-99,-99,-99
6/25/2002,176,SAPU-04,12,BB,100,-99,-99,-99,-99,-99,-99,-99,-99,-99,-99
6/25/2002,176,VIAL-01,19,-99,-99,-99,-99,-99,-99,-99,-99,-99,-99,-99,-99
6/25/2002,176,VIAL-02,32,-99,-99,-99,-99,-99,-99,-99,-99,-99,-99,-99,-99
6/25/2002,176,VICA-01,4,BB,100,-99,-99,-99,-99,-99,-99,-99,-99,-99,-99
6/25/2002,176,VICA-02,16,BB,100,-99,-99,-99,-99,-99,-99,-99,-99,-99,-99
6/25/2002,176,VICA-03,31,BB,100,-99,-99,-99,-99,-99,-99,-99,-99,-99,-99
7/2/2002,183,ACPE-01,20,BB,100,BB,100,100,M,20,20,98,80,97,F
7/2/2002,183,ACPE-02,25,BB,100,BB,100,100,M,23,22,99,80,97,F
7/2/2002,183,ACPE-03,27,BB,100,BB,100,100,M,20,21,100,80,97,0
7/2/2002,183,ACPE-04,39,BB,100,BB,100,100,M,18,19,95,80,97,F
7/2/2002,183,ACRU-01,5,BB,100,BB,100,100,M,-99,-99,99,80,97,S
7/2/2002,183,ACRU-02,24,BB,100,BB,100,100,M,13,14,100,80,97,F
7/2/2002,183,ACRU-03,38,BB,100,BB,100,100,M,-99,-99,99,80,97,F
7/2/2002,183,ACRU-04,41,BB,100,BB,100,100,M,12,14,99,80,97,F
7/2/2002,183,ACRU-05,65,BB,100,BB,100,100,F,13,14,100,80,97,0
7/2/2002,183,ACSA-01,9,BB,100,ND,0,0,,14,15,100,80,97,0
7/2/2002,183,ACSA-02,58,BB,100,ND,0,0,,15,15,100,80,97,0
7/2/2002,183,ACSA-03,62,BB,100,BB,100,-99,,11,15,100,80,97,0
7/2/2002,183,AMSP-01,1,BB,100,-99,-99,-99,-99,-99,-99,-99,-99,-99,-99
7/2/2002,183,AMSP-02,8,BB,100,-99,-99,-99,-99,-99,-99,-99,-99,-99,-99
7/2/2002,183,AMSP-03,34,BB,100,-99,-99,-99,-99,-99,-99,-99,-99,-99,-99
7/2/2002,183,BEAL-01,13,BB,100,-99,-99,-99,,14,0,99,80,97,S
7/2/2002,183,BEAL-02,29,BB,100,-99,-99,-99,,11,0,99,80,97,F
7/2/2002,183,BEAL-03,35,BB,100,-99,-99,-99,,9,0,95,80,97,S
7/2/2002,183,BELE-01,10,BB,100,-99,-99,-99,,-99,-99,-99,-99,-99,-99
7/2/2002,183,BELE-02,30,BB,100,-99,-99,-99,,-99,-99,-99,-99,-99,-99
7/2/2002,183,BELE-03,44,BB,100,-99,-99,-99,-99,-99,-99,-99,-99,-99,-99
7/2/2002,183,BEPA-01,22,BB,100,BB,100,-99,,-99,-99,-99,-99,-99,-99
7/2/2002,183,BEPA-02,51,BB,100,-99,-99,-99,,-99,-99,-99,-99,-99,-99
7/2/2002,183,BEPA-03,52,BB,100,-99,-99,-99,,-99,-99,-99,-99,-99,-99
7/2/2002,183,BEPA-04,53,BB,100,-99,-99,-99,,-99,-99,-99,-99,-99,-99
7/2/2002,183,COAL-01,7,BB,100,-99,-99,-99,-99,-99,-99,-99,-99,-99,-99
7/2/2002,183,COAL-03,54,BB,100,-99,-99,-99,-99,-99,-99,-99,-99,-99,-99
7/2/2002,183,COAL-04,14,BB,100,-99,-99,-99,-99,-99,-99,-99,-99,-99,-99
7/2/2002,183,CRSP-01,23,BB,100,-99,-99,-99,-99,-99,-99,-99,-99,-99,-99
7/2/2002,183,CRSP-02,49,BB,100,-99,-99,-99,,-99,-99,-99,-99,-99,-99
7/2/2002,183,CRSP-03,43,BB,100,-99,-99,-99,-99,-99,-99,-99,-99,-99,-99
7/2/2002,183,FAGR-01,18,BB,100,-99,-99,-99,,-99,-99,-99,-99,-99,-99
7/2/2002,183,FAGR-02,26,BB,100,-99,-99,-99,,-99,-99,-99,-99,-99,-99
7/2/2002,183,FAGR-03,33,BB,100,-99,-99,-99,,-99,-99,-99,-99,-99,-99
7/2/2002,183,FAGR-04,56,BB,100,-99,-99,-99,-99,-99,-99,-99,-99,-99,-99
7/2/2002,183,FRAM-01,2,BB,100,ND,0,0,,33,0,98,80,97,0
7/2/2002,183,FRAM-02,55,BB,100,ND,0,0,,-99,0,98,80,97,0
7/2/2002,183,FRAM-03,59,BB,100,ND,0,0,,32,0,100,80,97,0
7/2/2002,183,FRAM-04,66,BB,100,-99,-99,-99,-99,36,0,93,80,95,0
7/2/2002,183,HAVI-01,28,BB,100,ND,0,0,,13,0,98,80,97,F
7/2/2002,183,HAVI-02,36,BB,100,ND,0,0,,11,0,98,80,97,F
7/2/2002,183,HAVI-03,45,BB,100,ND,0,0,,12,0,98,80,97,S
7/2/2002,183,POTR-02,67,BB,100,BB,100,100,F,-99,-99,-99,-99,-99,-99
7/2/2002,183,POTR-04,61,BB,100,-99,-99,-99,-99,-99,-99,-99,-99,-99,-99
7/2/2002,183,PRSE-01,3,BB,100,-99,-99,-99,-99,-99,-99,-99,-99,-99,-99
7/2/2002,183,PRSE-02,50,BB,100,-99,-99,-99,-99,-99,-99,-99,-99,-99,-99
7/2/2002,183,PRSE-04,63,BB,100,-99,-99,-99,-99,-99,-99,-99,-99,-99,-99
7/2/2002,183,QUAL-02,42,BB,100,ND,0,0,,14,0,98,80,97,0
7/2/2002,183,QUAL-03,57,BB,100,ND,0,0,,18,0,100,80,97,0
7/2/2002,183,QUAL-04,17,BB,100,ND,0,0,,18,0,95,80,95,0
7/2/2002,183,QURU-01,15,BB,100,BB,100,100,,-99,0,98,80,97,0
7/2/2002,183,QURU-02,37,BB,100,-99,-99,-99,,18,0,95,80,97,0
7/2/2002,183,QURU-03,48,BB,100,BB,100,-99,,-99,0,99,80,97,0
7/2/2002,183,QURU-04,64,BB,100,BB,100,100,,18,0,100,80,97,0
7/2/2002,183,QUVE-01,21,BB,100,BB,100,-99,,-99,-99,-99,-99,-99,-99
7/2/2002,183,QUVE-02,40,BB,100,-99,-99,-99,,-99,-99,-99,-99,-99,-99
7/2/2002,183,QUVE-03,46,BB,100,-99,-99,-99,-99,-99,-99,-99,-99,-99,-99
7/2/2002,183,QUVE-04,47,BB,100,-99,-99,-99,-99,-99,-99,-99,-99,-99,-99
7/2/2002,183,SAPU-01,6,BB,100,-99,-99,-99,-99,-99,-99,-99,-99,-99,-99
7/2/2002,183,SAPU-02,60,BB,100,-99,-99,-99,-99,-99,-99,-99,-99,-99,-99
7/2/2002,183,SAPU-03,11,BB,100,-99,-99,-99,-99,-99,-99,-99,-99,-99,-99
7/2/2002,183,SAPU-04,12,BB,100,-99,-99,-99,-99,-99,-99,-99,-99,-99,-99
7/2/2002,183,VIAL-01,19,-99,-99,-99,-99,-99,-99,-99,-99,-99,-99,-99,-99
7/2/2002,183,VIAL-02,32,-99,-99,-99,-99,-99,-99,-99,-99,-99,-99,-99,-99
7/2/2002,183,VICA-01,4,BB,100,-99,-99,-99,-99,-99,-99,-99,-99,-99,-99
7/2/2002,183,VICA-02,16,BB,100,-99,-99,-99,-99,-99,-99,-99,-99,-99,-99
7/2/2002,183,VICA-03,31,BB,100,-99,-99,-99,-99,-99,-99,-99,-99,-99,-99
