DATE,JULIAN,TREEID,CIRCUIT,BCON,BBRK,FBUD,FOPN,FPST,SEX,LENGTH,WIDTH,LFIN,L75,L95,TIP,COMMENTS
3/30/2005,89,AMSP-01,1,SS,0,-99,-99,-99,-99,-99,-99,-99,-99,-99,-99,
3/30/2005,89,FRAM-01,2,NS,0,ND,0,0,ND,-99,-99,0,0,0,0,
3/30/2005,89,PRSE-01,3,MS,0,-99,-99,-99,-99,-99,-99,-99,-99,-99,-99,
3/30/2005,89,ACRU-01,4,SS,0,MS,0,0,ND,-99,-99,0,0,0,0,
3/30/2005,89,COAL-01,5,SS,0,-99,-99,-99,-99,-99,-99,-99,-99,-99,-99,
3/30/2005,89,AMSP-02,6,SS,0,-99,-99,-99,-99,-99,-99,-99,-99,-99,-99,
3/30/2005,89,ACSA-01,7,NS,0,ND,0,0,ND,0,0,0,0,0,0,
3/30/2005,89,BELE-01,8,SS,0,-99,-99,-99,-99,-99,-99,-99,-99,-99,-99,
3/30/2005,89,BEAL-01,9,NS,0,ND,0,0,ND,0,-99,0,0,0,0,
3/30/2005,89,COAL-04,10,-99,-99,-99,-99,-99,-99,-99,-99,-99,-99,-99,-99,dead
3/30/2005,89,QURU-01,11,NS,0,ND,0,0,ND,-99,-99,0,0,0,0,
3/30/2005,89,QUAL-04,12,NS,0,ND,0,0,ND,0,-99,0,0,0,0,tree dying?
3/30/2005,89,FAGR-01,13,NS,0,-99,-99,-99,-99,-99,-99,-99,-99,-99,-99,
3/30/2005,89,ACPE-01,14,SS,0,ND,0,0,ND,0,0,0,0,0,0,
3/30/2005,89,QUVE-01,15,NS,0,-99,-99,-99,-99,-99,-99,-99,-99,-99,-99,
3/30/2005,89,BEPA-01,16,SS,0,-99,-99,-99,-99,-99,-99,-99,-99,-99,-99,
3/30/2005,89,CRSP-01,17,NS,0,-99,-99,-99,-99,-99,-99,-99,-99,-99,-99,
3/30/2005,89,ACRU-02,18,SS,0,MS,0,0,0,0,0,0,0,0,0,
3/30/2005,89,ACPE-02,19,NS,0,ND,0,0,ND,0,0,0,0,0,0,
3/30/2005,89,FAGR-05,20,NS,0,-99,-99,-99,-99,-99,-99,-99,-99,-99,-99,
3/30/2005,89,ACPE-03,21,NS,0,ND,0,0,ND,0,0,0,0,0,0,
3/30/2005,89,HAVI-01,22,NS,0,ND,0,0,ND,0,-99,0,0,0,0,
3/30/2005,89,BEAL-02,23,NS,0,ND,0,0,ND,0,-99,0,0,0,0,
3/30/2005,89,BELE-02,24,NS,0,-99,-99,-99,-99,-99,-99,-99,-99,-99,-99,
3/30/2005,89,FAGR-06,25,NS,0,-99,-99,-99,-99,-99,-99,-99,-99,-99,-99,new 2004;a few old lvs
3/30/2005,89,AMSP-03,26,SS,0,-99,-99,-99,-99,-99,-99,-99,-99,-99,-99,
3/30/2005,89,BEAL-03,27,NS,0,ND,0,0,ND,0,-99,0,0,0,0,
3/30/2005,89,HAVI-02,28,SS,0,ND,0,0,ND,0,-99,0,0,0,0,
3/30/2005,89,QURU-02,29,NS,0,ND,0,0,ND,-99,-99,0,0,0,0,
3/30/2005,89,ACRU-03,30,SS,0,MS,0,0,ND,-99,-99,0,0,0,0,
3/30/2005,89,ACPE-04,31,NS,0,ND,0,0,ND,0,0,0,0,0,0,
3/30/2005,89,QUVE-02,32,NS,0,-99,-99,-99,-99,-99,-99,-99,-99,-99,-99
3/30/2005,89,ACRU-04,33,SS,0,MS,0,0,ND,0,0,0,0,0,0
3/30/2005,89,QUAL-02,34,NS,0,ND,0,0,ND,0,-99,0,0,0,0
3/30/2005,89,CRSP-03,35,NS,0,-99,-99,-99,-99,-99,-99,-99,-99,-99,-99
3/30/2005,89,BELE-03,36,SS,0,-99,-99,-99,-99,-99,-99,-99,-99,-99,-99
3/30/2005,89,HAVI-03,37,SS,0,ND,0,0,ND,0,-99,0,0,0,0
3/30/2005,89,QUVE-03,38,NS,0,-99,-99,-99,-99,-99,-99,-99,-99,-99,-99
3/30/2005,89,QUVE-04,39,NS,0,-99,-99,-99,-99,-99,-99,-99,-99,-99,-99
3/30/2005,89,QURU-03,40,NS,0,ND,0,0,ND,-99,-99,0,0,0,0
3/30/2005,89,CRSP-02,41,NS,0,-99,-99,-99,-99,-99,-99,-99,-99,-99,-99
3/30/2005,89,PRSE-02,42,SS,0,-99,-99,-99,-99,-99,-99,-99,-99,-99,-99
3/30/2005,89,BEPA-02,43,NS,0,-99,-99,-99,-99,-99,-99,-99,-99,-99,-99
3/30/2005,89,BEPA-03,44,NS,0,-99,-99,-99,-99,-99,-99,-99,-99,-99,-99
3/30/2005,89,BEPA-04,45,NS,0,-99,-99,-99,-99,-99,-99,-99,-99,-99,-99
3/30/2005,89,COAL-03,46,NS,0,-99,-99,-99,-99,-99,-99,-99,-99,-99,-99
3/30/2005,89,FRAM-02,47,NS,0,ND,0,0,-99,-99,-99,0,0,0,0
3/30/2005,89,FAGR-04,48,NS,0,-99,-99,-99,-99,-99,-99,-99,-99,-99,-99
3/30/2005,89,QUAL-03,49,NS,0,ND,0,0,ND,0,-99,0,0,0,0
3/30/2005,89,ACSA-02,50,NS,0,ND,0,0,ND,0,0,0,0,0,0
3/30/2005,89,FRAM-03,51,NS,0,ND,0,0,ND,0,-99,0,0,0,0
3/30/2005,89,POTR-04,52,SS,0,-99,-99,-99,-99,-99,-99,-99,-99,-99,-99
3/30/2005,89,ACSA-03,53,NS,0,ND,0,0,ND,-99,-99,0,0,0,0
3/30/2005,89,PRSE-04,54,SS,0,-99,-99,-99,-99,-99,-99,-99,-99,-99,-99
3/30/2005,89,QURU-04,55,NS,0,ND,0,0,ND,0,-99,0,0,0,0
3/30/2005,89,ACRU-05,56,SS,0,MS,0,0,ND,0,0,0,0,0,0
3/30/2005,89,FRAM-04,57,NS,0,ND,0,0,ND,0,-99,0,0,0,0
3/30/2005,89,POTR-02,58,SS,0,-99,-99,-99,-99,-99,-99,-99,-99,-99,-99
4/6/2005,96,AMSP-01,1,SS,0,-99,-99,-99,-99,-99,-99,-99,-99,-99,-99
4/6/2005,96,FRAM-01,2,NS,0,ND,0,0,ND,-99,-99,0,0,0,0
4/6/2005,96,PRSE-01,3,VS,0,-99,-99,-99,-99,-99,-99,-99,-99,-99,-99
4/6/2005,96,ACRU-01,4,MS,0,VS,0,0,ND,-99,-99,0,0,0,0
4/6/2005,96,COAL-01,5,MS,0,-99,-99,-99,-99,-99,-99,-99,-99,-99,-99
4/6/2005,96,AMSP-02,6,SS,0,-99,-99,-99,-99,-99,-99,-99,-99,-99,-99,
4/6/2005,96,ACSA-01,7,NS,0,ND,0,0,ND,0,0,0,0,0,0,
4/6/2005,96,BELE-01,8,SS,0,-99,-99,-99,-99,-99,-99,-99,-99,-99,-99,
4/6/2005,96,BEAL-01,9,SS,0,ND,0,0,ND,0,-99,0,0,0,0,
4/6/2005,96,COAL-04,10,-99,-99,-99,-99,-99,-99,-99,-99,-99,-99,-99,-99,dead
4/6/2005,96,QURU-01,11,NS,0,ND,0,0,ND,-99,-99,0,0,0,0,
4/6/2005,96,QUAL-04,12,NS,0,ND,0,0,ND,0,-99,0,0,0,0,tree dying?
4/6/2005,96,FAGR-01,13,NS,0,-99,-99,-99,-99,-99,-99,-99,-99,-99,-99,
4/6/2005,96,ACPE-01,14,SS,0,ND,0,0,ND,0,0,0,0,0,0,outer scales splitting
4/6/2005,96,QUVE-01,15,NS,0,-99,-99,-99,-99,-99,-99,-99,-99,-99,-99,
4/6/2005,96,BEPA-01,16,SS,0,-99,-99,-99,-99,-99,-99,-99,-99,-99,-99,
4/6/2005,96,CRSP-01,17,SS,0,-99,-99,-99,-99,-99,-99,-99,-99,-99,-99,
4/6/2005,96,ACRU-02,18,MS,0,VS,0,0,ND,0,0,0,0,0,0,
4/6/2005,96,ACPE-02,19,SS,0,ND,0,0,ND,0,0,0,0,0,0,a few outer scales split
4/6/2005,96,FAGR-05,20,NS,0,-99,-99,-99,-99,-99,-99,-99,-99,-99,-99,
4/6/2005,96,ACPE-03,21,NS,0,ND,0,0,ND,0,0,0,0,0,0,
4/6/2005,96,HAVI-01,22,SS,0,ND,0,0,ND,0,-99,0,0,0,0,
4/6/2005,96,BEAL-02,23,SS,0,ND,0,0,ND,0,-99,0,0,0,0,
4/6/2005,96,BELE-02,24,SS,0,-99,-99,-99,-99,-99,-99,-99,-99,-99,-99,
4/6/2005,96,FAGR-06,25,NS,0,-99,-99,-99,-99,-99,-99,-99,-99,-99,-99,new tree fall 2004
4/6/2005,96,AMSP-03,26,SS,0,-99,-99,-99,-99,-99,-99,-99,-99,-99,-99,
4/6/2005,96,BEAL-03,27,SS,0,ND,0,0,ND,0,-99,0,0,0,0,
4/6/2005,96,HAVI-02,28,SS,0,ND,0,0,ND,0,-99,0,0,0,0,
4/6/2005,96,QURU-02,29,NS,0,ND,0,0,ND,-99,-99,0,0,0,0,
4/6/2005,96,ACRU-03,30,MS,0,VS,0,0,ND,-99,-99,0,0,0,0,
4/6/2005,96,ACPE-04,31,NS,0,ND,0,0,ND,0,0,0,0,0,0,
4/6/2005,96,QUVE-02,32,NS,0,-99,-99,-99,-99,-99,-99,-99,-99,-99,-99,
4/6/2005,96,ACRU-04,33,MS,0,MS,0,0,ND,0,0,0,0,0,0,
4/6/2005,96,QUAL-02,34,NS,0,ND,0,0,ND,0,-99,0,0,0,0,
4/6/2005,96,CRSP-03,35,SS,0,-99,-99,-99,-99,-99,-99,-99,-99,-99,-99,
4/6/2005,96,BELE-03,36,MS,0,-99,-99,-99,-99,-99,-99,-99,-99,-99,-99,
4/6/2005,96,HAVI-03,37,SS,0,ND,0,0,ND,0,-99,0,0,0,0,
4/6/2005,96,QUVE-03,38,NS,0,-99,-99,-99,-99,-99,-99,-99,-99,-99,-99,
4/6/2005,96,QUVE-04,39,NS,0,-99,-99,-99,-99,-99,-99,-99,-99,-99,-99,
4/6/2005,96,QURU-03,40,NS,0,ND,0,0,ND,-99,-99,0,0,0,0,
4/6/2005,96,CRSP-02,41,MS,0,-99,-99,-99,-99,-99,-99,-99,-99,-99,-99,
4/6/2005,96,PRSE-02,42,MS,0,-99,-99,-99,-99,-99,-99,-99,-99,-99,-99,
4/6/2005,96,BEPA-02,43,SS,0,-99,-99,-99,-99,-99,-99,-99,-99,-99,-99,
4/6/2005,96,BEPA-03,44,SS,0,-99,-99,-99,-99,-99,-99,-99,-99,-99,-99,
4/6/2005,96,BEPA-04,45,SS,0,-99,-99,-99,-99,-99,-99,-99,-99,-99,-99,
4/6/2005,96,COAL-03,46,MS,0,-99,-99,-99,-99,-99,-99,-99,-99,-99,-99,
4/6/2005,96,FRAM-02,47,NS,0,ND,0,0,ND,-99,-99,0,0,0,0,
4/6/2005,96,FAGR-04,48,NS,0,-99,-99,-99,-99,-99,-99,-99,-99,-99,-99,some (<5%) old lvs left
4/6/2005,96,QUAL-03,49,NS,0,ND,0,0,ND,0,-99,0,0,0,0,
4/6/2005,96,ACSA-02,50,SS,0,ND,0,0,ND,0,0,0,0,0,0,
4/6/2005,96,FRAM-03,51,NS,0,ND,0,0,ND,0,-99,0,0,0,0,
4/6/2005,96,POTR-04,52,SS,0,-99,-99,-99,-99,-99,-99,-99,-99,-99,-99,
4/6/2005,96,ACSA-03,53,SS,0,ND,0,0,ND,-99,-99,0,0,0,0,
4/6/2005,96,PRSE-04,54,MS,0,-99,-99,-99,-99,-99,-99,-99,-99,-99,-99,
4/6/2005,96,QURU-04,55,SS,0,ND,0,0,ND,0,-99,0,0,0,0,
4/6/2005,96,ACRU-05,56,MS,0,VS,0,0,ND,0,0,0,0,0,0,
4/6/2005,96,FRAM-04,57,NS,0,ND,0,0,ND,0,-99,0,0,0,0,
4/6/2005,96,POTR-02,58,MS,0,-99,-99,-99,-99,-99,-99,-99,-99,-99,-99,flwrs not qute open
4/14/2005,104,AMSP-01,1,MS,0,-99,-99,-99,-99,-99,-99,-99,-99,-99,-99,
4/14/2005,104,FRAM-01,2,SS,0,ND,0,0,ND,-99,-99,0,0,0,0,
4/14/2005,104,PRSE-01,3,VS,0,-99,-99,-99,-99,-99,-99,-99,-99,-99,-99,
4/14/2005,104,ACRU-01,4,MS,0,BB,3,0,M,-99,-99,0,0,0,0,
4/14/2005,104,COAL-01,5,MS,0,-99,-99,-99,-99,-99,-99,-99,-99,-99,-99,
4/14/2005,104,AMSP-02,6,MS,0,-99,-99,-99,-99,-99,-99,-99,-99,-99,-99,
4/14/2005,104,ACSA-01,7,SS,0,ND,0,0,ND,0,0,0,0,0,0,
4/14/2005,104,BELE-01,8,MS,0,-99,-99,-99,-99,-99,-99,-99,-99,-99,-99,
4/14/2005,104,BEAL-01,9,SS,0,ND,0,0,ND,0,-99,0,0,0,0,
4/14/2005,104,COAL-04,10,-99,-99,-99,-99,-99,-99,-99,-99,-99,-99,-99,-99,dead
4/14/2005,104,QURU-01,11,SS,0,ND,0,0,ND,-99,-99,0,0,0,0,
4/14/2005,104,QUAL-04,12,NS,0,ND,0,0,ND,0,-99,0,0,0,0,tree dying?
4/14/2005,104,FAGR-01,13,NS,0,-99,-99,-99,-99,-99,-99,-99,-99,-99,-99,
4/14/2005,104,ACPE-01,14,MS,0,ND,0,0,ND,0,0,0,0,0,0,outer scales split
4/14/2005,104,QUVE-01,15,SS,0,-99,-99,-99,-99,-99,-99,-99,-99,-99,-99,
4/14/2005,104,BEPA-01,16,SS,0,-99,-99,-99,-99,-99,-99,-99,-99,-99,-99,
4/14/2005,104,CRSP-01,17,MS,0,-99,-99,-99,-99,-99,-99,-99,-99,-99,-99,
4/14/2005,104,ACRU-02,18,MS,0,VS,0,0,ND,0,0,0,0,0,0,
4/14/2005,104,ACPE-02,19,SS,0,ND,0,0,ND,0,0,0,0,0,0,
4/14/2005,104,FAGR-05,20,SS,0,-99,-99,-99,-99,-99,-99,-99,-99,-99,-99,
4/14/2005,104,ACPE-03,21,SS,0,ND,0,0,ND,0,0,0,0,0,0,90% outer scales split
4/14/2005,104,HAVI-01,22,SS,0,ND,0,0,ND,0,-99,0,0,0,0,
4/14/2005,104,BEAL-02,23,SS,0,ND,0,0,ND,0,-99,0,0,0,0,
4/14/2005,104,BELE-02,24,SS,0,-99,-99,-99,-99,-99,-99,-99,-99,-99,-99,
4/14/2005,104,FAGR-06,25,NS,0,-99,-99,-99,-99,-99,-99,-99,-99,-99,-99,new tree fall 2004
4/14/2005,104,AMSP-03,26,MS,0,-99,-99,-99,-99,-99,-99,-99,-99,-99,-99,
4/14/2005,104,BEAL-03,27,SS,0,ND,0,0,ND,0,-99,0,0,0,0,
4/14/2005,104,HAVI-02,28,SS,0,ND,0,0,ND,0,-99,0,0,0,0,
4/14/2005,104,QURU-02,29,NS,0,ND,0,0,ND,-99,-99,0,0,0,0,
4/14/2005,104,ACRU-03,30,MS,0,BB,5,0,M,-99,-99,0,0,0,0,
4/14/2005,104,ACPE-04,31,SS,0,ND,0,0,ND,0,0,0,0,0,0,60% outer scales split
4/14/2005,104,QUVE-02,32,SS,0,-99,-99,-99,-99,-99,-99,-99,-99,-99,-99,
4/14/2005,104,ACRU-04,33,MS,0,BB,3,0,M,0,0,0,0,0,0,
4/14/2005,104,QUAL-02,34,SS,0,ND,0,0,ND,0,-99,0,0,0,0,
4/14/2005,104,CRSP-03,35,SS,0,-99,-99,-99,-99,-99,-99,-99,-99,-99,-99,
4/14/2005,104,BELE-03,36,MS,0,-99,-99,-99,-99,-99,-99,-99,-99,-99,-99,
4/14/2005,104,HAVI-03,37,SS,0,ND,0,0,ND,0,-99,0,0,0,0,
4/14/2005,104,QUVE-03,38,SS,0,-99,-99,-99,-99,-99,-99,-99,-99,-99,-99,
4/14/2005,104,QUVE-04,39,SS,0,-99,-99,-99,-99,-99,-99,-99,-99,-99,-99,
4/14/2005,104,QURU-03,40,SS,0,ND,0,0,ND,-99,-99,0,0,0,0,
4/14/2005,104,CRSP-02,41,MS,0,-99,-99,-99,-99,-99,-99,-99,-99,-99,-99,
4/14/2005,104,PRSE-02,42,VS,0,-99,-99,-99,-99,-99,-99,-99,-99,-99,-99,
4/14/2005,104,BEPA-02,43,MS,0,-99,-99,-99,-99,-99,-99,-99,-99,-99,-99,
4/14/2005,104,BEPA-03,44,MS,0,-99,-99,-99,-99,-99,-99,-99,-99,-99,-99,
4/14/2005,104,BEPA-04,45,MS,0,-99,-99,-99,-99,-99,-99,-99,-99,-99,-99,catkins fattening
4/14/2005,104,COAL-03,46,MS,0,-99,-99,-99,-99,-99,-99,-99,-99,-99,-99,
4/14/2005,104,FRAM-02,47,NS,0,ND,0,0,ND,-99,-99,0,0,0,0,
4/14/2005,104,FAGR-04,48,SS,0,-99,-99,-99,-99,-99,-99,-99,-99,-99,-99,some (<5%) old lvs left
4/14/2005,104,QUAL-03,49,SS,0,ND,0,0,ND,0,-99,0,0,0,0,
4/14/2005,104,ACSA-02,50,MS,0,ND,0,0,ND,0,0,0,0,0,0,
4/14/2005,104,FRAM-03,51,NS,0,ND,0,0,ND,0,-99,0,0,0,0,
4/14/2005,104,POTR-04,52,MS,0,-99,-99,-99,-99,-99,-99,-99,-99,-99,-99,
4/14/2005,104,ACSA-03,53,MS,0,ND,0,0,ND,-99,-99,0,0,0,0,
4/14/2005,104,PRSE-04,54,VS,0,-99,-99,-99,-99,-99,-99,-99,-99,-99,-99,
4/14/2005,104,QURU-04,55,SS,0,ND,0,0,ND,0,-99,0,0,0,0,
4/14/2005,104,ACRU-05,56,MS,0,BB,25,0,F,0,0,0,0,0,0,
4/14/2005,104,FRAM-04,57,NS,0,ND,0,0,ND,0,-99,0,0,0,0,
4/14/2005,104,POTR-02,58,MS,0,-99,-99,-99,-99,-99,-99,-99,-99,-99,-99,some flwrs open(<50%)
4/19/2005,109,AMSP-01,1,VS,0,-99,-99,-99,-99,-99,-99,-99,-99,-99,-99,
4/19/2005,109,FRAM-01,2,SS,0,ND,0,0,ND,-99,-99,0,0,0,0,
4/19/2005,109,PRSE-01,3,BB,75,-99,-99,-99,-99,-99,-99,-99,-99,-99,-99,
4/19/2005,109,ACRU-01,4,VS,0,BB,97,0,M,-99,-99,0,0,0,0,
4/19/2005,109,COAL-01,5,VS,0,-99,-99,-99,-99,-99,-99,-99,-99,-99,-99,
4/19/2005,109,AMSP-02,6,VS,0,-99,-99,-99,-99,-99,-99,-99,-99,-99,-99,
4/19/2005,109,ACSA-01,7,MS,0,ND,0,0,ND,0,0,0,0,0,0,
4/19/2005,109,BELE-01,8,MS,0,-99,-99,-99,-99,-99,-99,-99,-99,-99,-99,
4/19/2005,109,BEAL-01,9,VS,0,ND,0,0,ND,0,-99,0,0,0,0,
4/19/2005,109,COAL-04,10,-99,-99,-99,-99,-99,-99,-99,-99,-99,-99,-99,-99,dead
4/19/2005,109,QURU-01,11,MS,0,ND,0,0,ND,-99,-99,0,0,0,0,
4/19/2005,109,QUAL-04,12,SS,0,ND,0,0,ND,0,-99,0,0,0,0,tree dying?
4/19/2005,109,FAGR-01,13,SS,0,-99,-99,-99,-99,-99,-99,-99,-99,-99,-99,
4/19/2005,109,ACPE-01,14,VS,0,ND,0,0,ND,0,0,0,0,0,0,inner sheaths 1-1.5 cm
4/19/2005,109,QUVE-01,15,SS,0,-99,-99,-99,-99,-99,-99,-99,-99,-99,-99,
4/19/2005,109,BEPA-01,16,MS,0,-99,-99,-99,-99,-99,-99,-99,-99,-99,-99,
4/19/2005,109,CRSP-01,17,VS,0,-99,-99,-99,-99,-99,-99,-99,-99,-99,-99,
4/19/2005,109,ACRU-02,18,VS,0,BB,97,0,M,0,0,0,0,0,0,
4/19/2005,109,ACPE-02,19,VS,0,ND,0,0,ND,0,0,0,0,0,0,inner sheaths up to 1cm
4/19/2005,109,FAGR-05,20,SS,0,-99,-99,-99,-99,-99,-99,-99,-99,-99,-99,
4/19/2005,109,ACPE-03,21,VS,0,ND,0,0,ND,0,0,0,0,0,0,inner sheaths .75-1.5cm
4/19/2005,109,HAVI-01,22,MS,0,ND,0,0,ND,0,-99,0,0,0,0,
4/19/2005,109,BEAL-02,23,MS,0,ND,0,0,ND,0,-99,0,0,0,0,
4/19/2005,109,BELE-02,24,SS,0,-99,-99,-99,-99,-99,-99,-99,-99,-99,-99,
4/19/2005,109,FAGR-06,25,SS,0,-99,-99,-99,-99,-99,-99,-99,-99,-99,-99,new tree fall 2004
4/19/2005,109,AMSP-03,26,VS,0,-99,-99,-99,-99,-99,-99,-99,-99,-99,-99,
4/19/2005,109,BEAL-03,27,MS,0,SS,0,0,ND,0,-99,0,0,0,0,catkins fattening
4/19/2005,109,HAVI-02,28,MS,0,ND,0,0,ND,0,-99,0,0,0,0,
4/19/2005,109,QURU-02,29,MS,0,ND,0,0,ND,-99,-99,0,0,0,0,
4/19/2005,109,ACRU-03,30,VS,0,BB,50,0,M,-99,-99,0,0,0,0,
4/19/2005,109,ACPE-04,31,VS,0,ND,0,0,ND,0,0,0,0,0,0,inner sheaths emerging
4/19/2005,109,QUVE-02,32,SS,0,-99,-99,-99,-99,-99,-99,-99,-99,-99,-99,
4/19/2005,109,ACRU-04,33,VS,0,BB,97,0,M,0,0,0,0,0,0,
4/19/2005,109,QUAL-02,34,SS,0,ND,0,0,ND,0,-99,0,0,0,0,
4/19/2005,109,CRSP-03,35,MS,0,-99,-99,-99,-99,-99,-99,-99,-99,-99,-99,
4/19/2005,109,BELE-03,36,MS,0,-99,-99,-99,-99,-99,-99,-99,-99,-99,-99,
4/19/2005,109,HAVI-03,37,MS,0,ND,0,0,ND,0,-99,0,0,0,0,
4/19/2005,109,QUVE-03,38,SS,0,-99,-99,-99,-99,-99,-99,-99,-99,-99,-99,
4/19/2005,109,QUVE-04,39,SS,0,-99,-99,-99,-99,-99,-99,-99,-99,-99,-99,
4/19/2005,109,QURU-03,40,MS,0,ND,0,0,ND,-99,-99,0,0,0,0,
4/19/2005,109,CRSP-02,41,VS,0,-99,-99,-99,-99,-99,-99,-99,-99,-99,-99,
4/19/2005,109,PRSE-02,42,BB,40,-99,-99,-99,-99,-99,-99,-99,-99,-99,-99,
4/19/2005,109,BEPA-02,43,VS,0,-99,-99,-99,-99,-99,-99,-99,-99,-99,-99,
4/19/2005,109,BEPA-03,44,VS,0,-99,-99,-99,-99,-99,-99,-99,-99,-99,-99,
4/19/2005,109,BEPA-04,45,VS,0,-99,-99,-99,-99,-99,-99,-99,-99,-99,-99,catkins fat
4/19/2005,109,COAL-03,46,VS,0,-99,-99,-99,-99,-99,-99,-99,-99,-99,-99,
4/19/2005,109,FRAM-02,47,SS,0,ND,0,0,ND,-99,-99,0,0,0,0,
4/19/2005,109,FAGR-04,48,SS,0,-99,-99,-99,-99,-99,-99,-99,-99,-99,-99,<1% old leaves left
4/19/2005,109,QUAL-03,49,SS,0,ND,0,0,ND,0,-99,0,0,0,0,
4/19/2005,109,ACSA-02,50,MS,0,ND,0,0,ND,0,0,0,0,0,0,
4/19/2005,109,FRAM-03,51,SS,0,ND,0,0,ND,0,-99,0,0,0,0,
4/19/2005,109,POTR-04,52,VS,0,-99,-99,-99,-99,-99,-99,-99,-99,-99,-99,no flwrs this year?
4/19/2005,109,ACSA-03,53,MS,0,ND,0,0,ND,-99,-99,0,0,0,0,
4/19/2005,109,PRSE-04,54,BB,50,-99,-99,-99,-99,-99,-99,-99,-99,-99,-99,
4/19/2005,109,QURU-04,55,MS,0,ND,0,0,ND,0,-99,0,0,0,0,
4/19/2005,109,ACRU-05,56,VS,0,BB,100,8,F,0,0,0,0,0,0,
4/19/2005,109,FRAM-04,57,SS,0,ND,0,0,ND,0,-99,0,0,0,0,
4/19/2005,109,POTR-02,58,MS,0,-99,-99,-99,-99,-99,-99,-99,-99,-99,-99,flwrs (F) open
4/22/2005,112,AMSP-01,1,BB,5,-99,-99,-99,-99,-99,-99,-99,-99,-99,-99,flwrs not open yet
4/22/2005,112,FRAM-01,2,MS,0,ND,0,0,ND,-99,-99,0,0,0,0,
4/22/2005,112,PRSE-01,3,BB,100,-99,-99,-99,-99,-99,-99,-99,-99,-99,-99,
4/22/2005,112,ACRU-01,4,VS,0,BB,100,55,M,-99,-99,0,0,0,0,
4/22/2005,112,COAL-01,5,BB,60,-99,-99,-99,-99,-99,-99,-99,-99,-99,-99,
4/22/2005,112,AMSP-02,6,BB,30,-99,-99,-99,-99,-99,-99,-99,-99,-99,-99,flwrs not open yet
4/22/2005,112,ACSA-01,7,VS,0,ND,0,0,ND,0,0,0,0,0,0,
4/22/2005,112,BELE-01,8,VS,0,-99,-99,-99,-99,-99,-99,-99,-99,-99,-99,
4/22/2005,112,BEAL-01,9,VS,0,ND,0,0,ND,0,-99,0,0,0,0,
4/22/2005,112,COAL-04,10,-99,-99,-99,-99,-99,-99,-99,-99,-99,-99,-99,-99,dead
4/22/2005,112,QURU-01,11,MS,0,ND,0,0,ND,-99,-99,0,0,0,0,
4/22/2005,112,QUAL-04,12,-99,-99,-99,-99,-99,-99,-99,-99,-99,-99,-99,-99,tree dying/dead
4/22/2005,112,FAGR-01,13,MS,0,-99,-99,-99,-99,-99,-99,-99,-99,-99,-99,
4/22/2005,112,ACPE-01,14,VS,0,ND,0,0,ND,0,0,0,0,0,0,inner sheaths up to 3 cm
4/22/2005,112,QUVE-01,15,MS,0,-99,-99,-99,-99,-99,-99,-99,-99,-99,-99,
4/22/2005,112,BEPA-01,16,VS,0,-99,-99,-99,-99,-99,-99,-99,-99,-99,-99,
4/22/2005,112,CRSP-01,17,VS,0,-99,-99,-99,-99,-99,-99,-99,-99,-99,-99,
4/22/2005,112,ACRU-02,18,VS,0,BB,100,35,M,0,0,0,0,0,0,
4/22/2005,112,ACPE-02,19,VS,0,ND,0,0,ND,0,0,0,0,0,0,inner sheaths 1.5-2 cm
4/22/2005,112,FAGR-05,20,MS,0,-99,-99,-99,-99,-99,-99,-99,-99,-99,-99,
4/22/2005,112,ACPE-03,21,VS,0,ND,0,0,ND,0,0,0,0,0,0,inner sheaths ~2-2.5cm
4/22/2005,112,HAVI-01,22,VS,0,ND,0,0,ND,0,-99,0,0,0,0,
4/22/2005,112,BEAL-02,23,VS,0,ND,0,0,ND,0,-99,0,0,0,0,
4/22/2005,112,BELE-02,24,VS,0,-99,-99,-99,-99,-99,-99,-99,-99,-99,-99,
4/22/2005,112,FAGR-06,25,MS,0,-99,-99,-99,-99,-99,-99,-99,-99,-99,-99,new tree fall 2004
4/22/2005,112,AMSP-03,26,VS,0,-99,-99,-99,-99,-99,-99,-99,-99,-99,-99,
4/22/2005,112,BEAL-03,27,VS,0,MS,0,0,ND,0,-99,0,0,0,0,catkins fat
4/22/2005,112,HAVI-02,28,BB,3,ND,0,0,ND,0,-99,0,0,0,0,
4/22/2005,112,QURU-02,29,MS,0,ND,0,0,ND,-99,-99,0,0,0,0,
4/22/2005,112,ACRU-03,30,VS,0,BB,80,10,M,-99,-99,0,0,0,0,not many flwrs this year
4/22/2005,112,ACPE-04,31,VS,0,ND,0,0,,ND,0,0,0,0,0,inner sheaths ~1-1.5cm
4/22/2005,112,QUVE-02,32,MS,0,-99,-99,-99,-99,-99,-99,-99,-99,-99,-99,
4/22/2005,112,ACRU-04,33,VS,0,BB,100,50,M,0,0,0,0,0,0,
4/22/2005,112,QUAL-02,34,MS,0,ND,0,0,ND,0,-99,0,0,0,0,
4/22/2005,112,CRSP-03,35,VS,0,-99,-99,-99,-99,-99,-99,-99,-99,-99,-99,
4/22/2005,112,BELE-03,36,VS,0,-99,-99,-99,-99,-99,-99,-99,-99,-99,-99,
4/22/2005,112,HAVI-03,37,BB,1,ND,0,0,ND,0,-99,0,0,0,0,
4/22/2005,112,QUVE-03,38,MS,0,-99,-99,-99,-99,-99,-99,-99,-99,-99,-99,
4/22/2005,112,QUVE-04,39,MS,0,-99,-99,-99,-99,-99,-99,-99,-99,-99,-99,
4/22/2005,112,QURU-03,40,VS,0,ND,0,0,ND,-99,-99,0,0,0,0,
4/22/2005,112,CRSP-02,41,VS,0,-99,-99,-99,-99,-99,-99,-99,-99,-99,-99,
4/22/2005,112,PRSE-02,42,BB,97,-99,-99,-99,-99,-99,-99,-99,-99,-99,-99,
4/22/2005,112,BEPA-02,43,BB,3,-99,-99,-99,-99,-99,-99,-99,-99,-99,-99,
4/22/2005,112,BEPA-03,44,VS,0,-99,-99,-99,-99,-99,-99,-99,-99,-99,-99,
4/22/2005,112,BEPA-04,45,VS,0,-99,-99,-99,-99,-99,-99,-99,-99,-99,-99,catkins starting to droop
4/22/2005,112,COAL-03,46,BB,5,-99,-99,-99,-99,-99,-99,-99,-99,-99,-99,
4/22/2005,112,FRAM-02,47,SS,0,ND,0,0,ND,-99,-99,0,0,0,0,
4/22/2005,112,FAGR-04,48,MS,0,-99,-99,-99,-99,-99,-99,-99,-99,-99,-99,old leaves gone
4/22/2005,112,QUAL-03,49,MS,0,ND,0,0,ND,0,-99,0,0,0,0,
4/22/2005,112,ACSA-02,50,VS,0,ND,0,0,ND,0,0,0,0,0,0,
4/22/2005,112,FRAM-03,51,MS,0,ND,0,0,ND,0,-99,0,0,0,0,
4/22/2005,112,POTR-04,52,BB,97,-99,-99,-99,-99,-99,-99,-99,-99,-99,-99,no flwrs this year?
4/22/2005,112,ACSA-03,53,VS,0,ND,0,0,ND,-99,-99,0,0,0,0,
4/22/2005,112,PRSE-04,54,BB,80,-99,-99,-99,-99,-99,-99,-99,-99,-99,-99,
4/22/2005,112,QURU-04,55,VS,0,ND,0,0,ND,0,-99,0,0,0,0,
4/22/2005,112,ACRU-05,56,VS,0,BB,100,100,F,0,0,0,0,0,0,
4/22/2005,112,FRAM-04,57,SS,0,ND,0,0,ND,0,-99,0,0,0,0,
4/22/2005,112,POTR-02,58,BB,5,-99,-99,-99,-99,-99,-99,-99,-99,-99,-99,some flwrs (F) past
4/26/2005,116,AMSP-01,1,BB,25,-99,-99,-99,-99,-99,-99,-99,-99,-99,-99,flwrs not quite open
4/26/2005,116,FRAM-01,2,MS,0,ND,0,0,ND,-99,-99,0,0,0,0,
4/26/2005,116,PRSE-01,3,BB,100,-99,-99,-99,-99,-99,-99,-99,-99,-99,-99,
4/26/2005,116,ACRU-01,4,VS,0,BB,100,100,M,-99,-99,0,0,0,0,
4/26/2005,116,COAL-01,5,BB,95,-99,-99,-99,-99,-99,-99,-99,-99,-99,-99,
4/26/2005,116,AMSP-02,6,BB,80,-99,-99,-99,-99,-99,-99,-99,-99,-99,-99,flwrs not open yet
4/26/2005,116,ACSA-01,7,BB,40,ND,0,0,ND,0,0,0,0,0,0,
4/26/2005,116,BELE-01,8,VS,0,-99,-99,-99,-99,-99,-99,-99,-99,-99,-99,
4/26/2005,116,BEAL-01,9,BB,3,BB,50,0,ND,0,-99,0,0,0,0,some catkins dangling
4/26/2005,116,COAL-04,10,-99,-99,-99,-99,-99,-99,-99,-99,-99,-99,-99,-99,dead
4/26/2005,116,QURU-01,11,VS,0,ND,0,0,ND,-99,-99,0,0,0,0,
4/26/2005,116,QUAL-04,12,-99,-99,-99,-99,-99,-99,-99,-99,-99,-99,-99,-99,tree dying/dead
4/26/2005,116,FAGR-01,13,MS,0,-99,-99,-99,-99,-99,-99,-99,-99,-99,-99,
4/26/2005,116,ACPE-01,14,VS,0,ND,0,0,ND,0,0,0,0,0,0,inner sheaths 3.5-4 cm
4/26/2005,116,QUVE-01,15,VS,0,-99,-99,-99,-99,-99,-99,-99,-99,-99,-99,
4/26/2005,116,BEPA-01,16,VS,0,-99,-99,-99,-99,-99,-99,-99,-99,-99,-99,catkins dangling
4/26/2005,116,CRSP-01,17,BB,10,-99,-99,-99,-99,-99,-99,-99,-99,-99,-99,
4/26/2005,116,ACRU-02,18,VS,0,BB,100,100,M,0,0,0,0,0,0,
4/26/2005,116,ACPE-02,19,VS,0,ND,0,0,ND,0,0,0,0,0,0,inner sheaths 2-2.5cm
4/26/2005,116,FAGR-05,20,VS,0,-99,-99,-99,-99,-99,-99,-99,-99,-99,-99,
4/26/2005,116,ACPE-03,21,VS,0,ND,0,0,ND,0,0,0,0,0,0,inner sheaths ~3-3.5cm
4/26/2005,116,HAVI-01,22,VS,0,ND,0,0,ND,0,-99,0,0,0,0,
4/26/2005,116,BEAL-02,23,VS,0,ND,0,0,ND,0,-99,0,0,0,0,
4/26/2005,116,BELE-02,24,VS,0,-99,-99,-99,-99,-99,-99,-99,-99,-99,-99,
4/26/2005,116,FAGR-06,25,VS,0,-99,-99,-99,-99,-99,-99,-99,-99,-99,-99,new tree fall 2004
4/26/2005,116,AMSP-03,26,VS,0,-99,-99,-99,-99,-99,-99,-99,-99,-99,-99,
4/26/2005,116,BEAL-03,27,VS,0,VS,0,0,ND,0,-99,0,0,0,0,catkins starting to droop
4/26/2005,116,HAVI-02,28,BB,40,ND,0,0,ND,0,-99,0,0,0,0,
4/26/2005,116,QURU-02,29,VS,0,ND,0,0,ND,-99,-99,0,0,0,0,
4/26/2005,116,ACRU-03,30,VS,0,BB,100,100,M,-99,-99,0,0,0,0,
4/26/2005,116,ACPE-04,31,VS,0,ND,0,0,ND,0,0,0,0,0,0,inner sheaths ~1.5 cm
4/26/2005,116,QUVE-02,32,MS,0,-99,-99,-99,-99,-99,-99,-99,-99,-99,-99,
4/26/2005,116,ACRU-04,33,VS,0,BB,100,100,M,0,0,0,0,0,0,
4/26/2005,116,QUAL-02,34,MS,0,ND,0,0,ND,0,-99,0,0,0,0,
4/26/2005,116,CRSP-03,35,VS,0,-99,-99,-99,-99,-99,-99,-99,-99,-99,-99,
4/26/2005,116,BELE-03,36,VS,0,-99,-99,-99,-99,-99,-99,-99,-99,-99,-99,catkins starting to droop
4/26/2005,116,HAVI-03,37,BB,30,ND,0,0,ND,0,-99,0,0,0,0,
4/26/2005,116,QUVE-03,38,VS,0,-99,-99,-99,-99,-99,-99,-99,-99,-99,-99,
4/26/2005,116,QUVE-04,39,VS,0,-99,-99,-99,-99,-99,-99,-99,-99,-99,-99,
4/26/2005,116,QURU-03,40,VS,0,ND,0,0,ND,-99,-99,0,0,0,0,
4/26/2005,116,CRSP-02,41,BB,30,-99,-99,-99,-99,-99,-99,-99,-99,-99,-99,
4/26/2005,116,PRSE-02,42,BB,99,-99,-99,-99,-99,-99,-99,-99,-99,-99,-99,
4/26/2005,116,BEPA-02,43,BB,20,-99,-99,-99,-99,-99,-99,-99,-99,-99,-99,catkins starting to droop
4/26/2005,116,BEPA-03,44,VS,0,-99,-99,-99,-99,-99,-99,-99,-99,-99,-99,
4/26/2005,116,BEPA-04,45,BB,3,-99,-99,-99,-99,-99,-99,-99,-99,-99,-99,catkins dangling
4/26/2005,116,COAL-03,46,BB,50,-99,-99,-99,-99,-99,-99,-99,-99,-99,-99,
4/26/2005,116,FRAM-02,47,MS,0,ND,0,0,ND,-99,-99,0,0,0,0,
4/26/2005,116,FAGR-04,48,VS,0,-99,-99,-99,-99,-99,-99,-99,-99,-99,-99,old leaves gone
4/26/2005,116,QUAL-03,49,MS,0,ND,0,0,ND,0,-99,0,0,0,0,
4/26/2005,116,ACSA-02,50,BB,25,ND,0,0,ND,0,0,0,0,0,0,
4/26/2005,116,FRAM-03,51,MS,0,ND,0,0,ND,0,-99,0,0,0,0,
4/26/2005,116,POTR-04,52,BB,100,-99,-99,-99,-99,-99,-99,-99,-99,-99,-99,
4/26/2005,116,ACSA-03,53,VS,0,ND,0,0,ND,-99,-99,0,0,0,0,
4/26/2005,116,PRSE-04,54,BB,97,-99,-99,-99,-99,-99,-99,-99,-99,-99,-99,
4/26/2005,116,QURU-04,55,VS,0,BB,3,0,ND,0,-99,0,0,0,0,
4/26/2005,116,ACRU-05,56,VS,0,BB,100,100,F,0,0,0,0,0,0,fruit developing
4/26/2005,116,FRAM-04,57,MS,0,ND,0,0,ND,0,-99,0,0,0,0,
4/26/2005,116,POTR-02,58,BB,75,-99,-99,-99,-99,-99,-99,-99,-99,-99,-99,fruit developing
5/2/2005,122,AMSP-01,1,BB,80,-99,-99,-99,-99,-99,-99,-99,-99,-99,-99,flwrs open
5/2/2005,122,FRAM-01,2,MS,0,ND,0,0,ND,-99,-99,0,0,0,0,
5/2/2005,122,PRSE-01,3,BB,100,-99,-99,-99,-99,-99,-99,-99,-99,-99,-99,
5/2/2005,122,ACRU-01,4,BB,3,BB,100,100,M,-99,-99,0,0,0,0,
5/2/2005,122,COAL-01,5,BB,99,-99,-99,-99,-99,-99,-99,-99,-99,-99,-99,
5/2/2005,122,AMSP-02,6,BB,100,-99,-99,-99,-99,-99,-99,-99,-99,-99,-99,a few flwrs open
5/2/2005,122,ACSA-01,7,BB,99,ND,0,0,ND,0,0,0,0,0,0,
5/2/2005,122,BELE-01,8,VS,0,-99,-99,-99,-99,-99,-99,-99,-99,-99,-99,~50% catkins drooping
5/2/2005,122,BEAL-01,9,BB,10,BB,100,0,ND,0,-99,0,0,0,0,catkins dangling
5/2/2005,122,COAL-04,10,-99,-99,-99,-99,-99,-99,-99,-99,-99,-99,-99,-99,dead
5/2/2005,122,QURU-01,11,BB,20,ND,0,0,ND,-99,-99,0,0,0,0,
5/2/2005,122,QUAL-04,12,-99,-99,-99,-99,-99,-99,-99,-99,-99,-99,-99,-99,tree dying/dead
5/2/2005,122,FAGR-01,13,MS,0,-99,-99,-99,-99,-99,-99,-99,-99,-99,-99,
5/2/2005,122,ACPE-01,14,VS,0,ND,0,0,ND,0,0,0,0,0,0,inner sheaths splitting
5/2/2005,122,QUVE-01,15,VS,0,-99,-99,-99,-99,-99,-99,-99,-99,-99,-99,
5/2/2005,122,BEPA-01,16,VS,0,-99,-99,-99,-99,-99,-99,-99,-99,-99,-99,catkins dangling
5/2/2005,122,CRSP-01,17,BB,50,-99,-99,-99,-99,-99,-99,-99,-99,-99,-99,
5/2/2005,122,ACRU-02,18,VS,0,BB,100,100,M,0,0,0,0,0,0,
5/2/2005,122,ACPE-02,19,VS,0,ND,0,0,ND,0,0,0,0,0,0,inner sheaths 3-4 cm
5/2/2005,122,FAGR-05,20,VS,0,-99,-99,-99,-99,-99,-99,-99,-99,-99,-99,
5/2/2005,122,ACPE-03,21,VS,0,ND,0,0,ND,0,0,0,0,0,0,inner sh 4-5cm/splitting
5/2/2005,122,HAVI-01,22,VS,0,ND,0,0,ND,0,-99,0,0,0,0,almost BB
5/2/2005,122,BEAL-02,23,VS,0,ND,0,0,ND,0,-99,0,0,0,0,
5/2/2005,122,BELE-02,24,VS,0,-99,-99,-99,-99,-99,-99,-99,-99,-99,-99,
5/2/2005,122,FAGR-06,25,VS,0,-99,-99,-99,-99,-99,-99,-99,-99,-99,-99,new tree fall 2004
5/2/2005,122,AMSP-03,26,BB,20,-99,-99,-99,-99,-99,-99,-99,-99,-99,-99,
5/2/2005,122,BEAL-03,27,VS,0,BB,25,0,ND,0,-99,0,0,0,0,catkins starting to droop
5/2/2005,122,HAVI-02,28,BB,60,ND,0,0,ND,0,-99,0,0,0,0,
5/2/2005,122,QURU-02,29,VS,0,ND,0,0,ND,-99,-99,0,0,0,0,
5/2/2005,122,ACRU-03,30,VS,0,BB,100,100,M,-99,-99,0,0,0,0,
5/2/2005,122,ACPE-04,31,VS,0,ND,0,0,ND,0,0,0,0,0,0,inner sheaths 2-3 cm
5/2/2005,122,QUVE-02,32,VS,0,-99,-99,-99,-99,-99,-99,-99,-99,-99,-99,
5/2/2005,122,ACRU-04,33,BB,50,BB,100,100,M,0,0,0,0,0,0,
5/2/2005,122,QUAL-02,34,MS,0,ND,0,0,ND,0,-99,0,0,0,0,
5/2/2005,122,CRSP-03,35,VS,0,-99,-99,-99,-99,-99,-99,-99,-99,-99,-99,almost BB
5/2/2005,122,BELE-03,36,VS,0,-99,-99,-99,-99,-99,-99,-99,-99,-99,-99,
5/2/2005,122,HAVI-03,37,BB,75,ND,0,0,ND,0,-99,0,0,0,0,
5/2/2005,122,QUVE-03,38,VS,0,-99,-99,-99,-99,-99,-99,-99,-99,-99,-99,
5/2/2005,122,QUVE-04,39,VS,0,-99,-99,-99,-99,-99,-99,-99,-99,-99,-99,
5/2/2005,122,QURU-03,40,BB,50,-99,-99,-99,-99,-99,-99,0,0,0,0,
5/2/2005,122,CRSP-02,41,BB,80,-99,-99,-99,-99,-99,-99,-99,-99,-99,-99,
5/2/2005,122,PRSE-02,42,BB,100,-99,-99,-99,-99,-99,-99,-99,-99,-99,-99,
5/2/2005,122,BEPA-02,43,BB,50,-99,-99,-99,-99,-99,-99,-99,-99,-99,-99,
5/2/2005,122,BEPA-03,44,BB,25,-99,-99,-99,-99,-99,-99,-99,-99,-99,-99,
5/2/2005,122,BEPA-04,45,BB,3,-99,-99,-99,-99,-99,-99,-99,-99,-99,-99,catkins dangling
5/2/2005,122,COAL-03,46,BB,95,-99,-99,-99,-99,-99,-99,-99,-99,-99,-99,
5/2/2005,122,FRAM-02,47,MS,0,ND,0,0,ND,-99,-99,0,0,0,0,
5/2/2005,122,FAGR-04,48,BB,10,-99,-99,-99,-99,-99,-99,-99,-99,-99,-99,
5/2/2005,122,QUAL-03,49,VS,0,ND,0,0,ND,0,-99,0,0,0,0,
5/2/2005,122,ACSA-02,50,BB,99,ND,0,0,ND,0,0,0,0,0,0,
5/2/2005,122,FRAM-03,51,MS,0,ND,0,0,ND,0,-99,0,0,0,0,
5/2/2005,122,POTR-04,52,BB,100,-99,-99,-99,-99,-99,-99,-99,-99,-99,-99,
5/2/2005,122,ACSA-03,53,VS,0,ND,0,0,ND,-99,-99,0,0,0,0,
5/2/2005,122,PRSE-04,54,BB,100,-99,-99,-99,-99,-99,-99,-99,-99,-99,-99,
5/2/2005,122,QURU-04,55,BB,30,BB,50,0,ND,0,-99,0,0,0,0,
5/2/2005,122,ACRU-05,56,BB,60,BB,100,100,F,0,0,0,0,0,0,fruit developing
5/2/2005,122,FRAM-04,57,MS,0,ND,0,0,ND,0,-99,0,0,0,0,
5/2/2005,122,POTR-02,58,BB,100,-99,-99,-99,-99,-99,-99,-99,-99,-99,-99,fruit developing
5/6/2005,126,AMSP-01,1,BB,95,-99,-99,-99,-99,-99,-99,-99,-99,-99,-99,flwrs open
5/6/2005,126,FRAM-01,2,MS,0,ND,0,0,ND,-99,-99,0,0,0,0,
5/6/2005,126,PRSE-01,3,BB,100,-99,-99,-99,-99,-99,-99,-99,-99,-99,-99,
5/6/2005,126,ACRU-01,4,BB,10,BB,100,100,M,-99,-99,0,0,0,0,
5/6/2005,126,COAL-01,5,BB,100,-99,-99,-99,-99,-99,-99,-99,-99,-99,-99,
5/6/2005,126,AMSP-02,6,BB,100,-99,-99,-99,-99,-99,-99,-99,-99,-99,-99,
5/6/2005,126,ACSA-01,7,BB,100,ND,0,0,ND,5,5,-99,0,0,0,
5/6/2005,126,BELE-01,8,VS,0,-99,-99,-99,-99,-99,-99,-99,-99,-99,-99,~70% catkins dangling
5/6/2005,126,BEAL-01,9,BB,15,BB,100,0,ND,0,-99,0,0,0,0,catkins dangling
5/6/2005,126,COAL-04,10,-99,-99,-99,-99,-99,-99,-99,-99,-99,-99,-99,-99,dead
5/6/2005,126,QURU-01,11,BB,70,ND,0,0,ND,-99,-99,0,0,0,0,
5/6/2005,126,QUAL-04,12,-99,-99,-99,-99,-99,-99,-99,-99,-99,-99,-99,-99,tree dying/dead
5/6/2005,126,FAGR-01,13,VS,0,-99,-99,-99,-99,-99,-99,-99,-99,-99,-99,
5/6/2005,126,ACPE-01,14,BB,30,ND,0,0,ND,5,-99,0,0,0,0,
5/6/2005,126,QUVE-01,15,BB,5,-99,-99,-99,-99,-99,-99,-99,-99,-99,-99,
5/6/2005,126,BEPA-01,16,VS,0,-99,-99,-99,-99,-99,-99,-99,-99,-99,-99,catkins dangling
5/6/2005,126,CRSP-01,17,BB,80,-99,-99,-99,-99,-99,-99,-99,-99,-99,-99,
5/6/2005,126,ACRU-02,18,BB,10,BB,100,100,M,0,0,0,0,0,0,
5/6/2005,126,ACPE-02,19,VS,0,ND,0,0,ND,0,0,0,0,0,0,inner sh ~4cm/splitting
5/6/2005,126,FAGR-05,20,VS,0,-99,-99,-99,-99,-99,-99,-99,-99,-99,-99,
5/6/2005,126,ACPE-03,21,VS,0,ND,0,0,ND,0,0,0,0,0,0,inner sh ~4.5cm/splitting
5/6/2005,126,HAVI-01,22,BB,70,ND,0,0,ND,0,-99,0,0,0,0,
5/6/2005,126,BEAL-02,23,VS,0,ND,0,0,ND,0,-99,0,0,0,0,
5/6/2005,126,BELE-02,24,VS,0,-99,-99,-99,-99,-99,-99,-99,-99,-99,-99,
5/6/2005,126,FAGR-06,25,BB,25,-99,-99,-99,-99,-99,-99,-99,-99,-99,-99,new tree fall 2004
5/6/2005,126,AMSP-03,26,BB,80,-99,-99,-99,-99,-99,-99,-99,-99,-99,-99,
5/6/2005,126,BEAL-03,27,VS,0,BB,50,0,ND,0,-99,0,0,0,0,some catkins dangling
5/6/2005,126,HAVI-02,28,BB,90,ND,0,0,ND,0,-99,0,0,0,0,
5/6/2005,126,QURU-02,29,VS,0,ND,0,0,ND,-99,-99,0,0,0,0,
5/6/2005,126,ACRU-03,30,VS,0,BB,100,100,M,-99,-99,0,0,0,0,
5/6/2005,126,ACPE-04,31,VS,0,ND,0,0,ND,0,0,0,0,0,0,inner sh 3+cm/splitting
5/6/2005,126,QUVE-02,32,VS,0,-99,-99,-99,-99,-99,-99,-99,-99,-99,-99,
5/6/2005,126,ACRU-04,33,BB,70,BB,100,100,M,0,0,0,0,0,0,
5/6/2005,126,QUAL-02,34,MS,0,ND,0,0,ND,0,-99,0,0,0,0,
5/6/2005,126,CRSP-03,35,BB,30,-99,-99,-99,-99,-99,-99,-99,-99,-99,-99,
5/6/2005,126,BELE-03,36,VS,0,-99,-99,-99,-99,-99,-99,-99,-99,-99,-99,
5/6/2005,126,HAVI-03,37,BB,90,ND,0,0,ND,0,-99,0,0,0,0,
5/6/2005,126,QUVE-03,38,BB,3,-99,-99,-99,-99,-99,-99,-99,-99,-99,-99,
5/6/2005,126,QUVE-04,39,VS,0,-99,-99,-99,-99,-99,-99,-99,-99,-99,-99,
5/6/2005,126,QURU-03,40,BB,80,ND,-99,-99,ND,-99,-99,0,0,0,0,
5/6/2005,126,CRSP-02,41,BB,90,-99,-99,-99,-99,-99,-99,-99,-99,-99,-99,
5/6/2005,126,PRSE-02,42,BB,100,-99,-99,-99,-99,-99,-99,-99,-99,-99,-99,
5/6/2005,126,BEPA-02,43,BB,70,-99,-99,-99,-99,-99,-99,-99,-99,-99,-99,
5/6/2005,126,BEPA-03,44,BB,60,-99,-99,-99,-99,-99,-99,-99,-99,-99,-99,
5/6/2005,126,BEPA-04,45,BB,25,-99,-99,-99,-99,-99,-99,-99,-99,-99,-99,catkins dangling
5/6/2005,126,COAL-03,46,BB,100,-99,-99,-99,-99,-99,-99,-99,-99,-99,-99,
5/6/2005,126,FRAM-02,47,VS,0,ND,0,0,ND,-99,-99,0,0,0,0,
5/6/2005,126,FAGR-04,48,BB,50,-99,-99,-99,-99,-99,-99,-99,-99,-99,-99,
5/6/2005,126,QUAL-03,49,VS,0,ND,0,0,ND,0,-99,0,0,0,0,
5/6/2005,126,ACSA-02,50,BB,100,ND,0,0,ND,-99,-99,-99,0,0,0,
5/6/2005,126,FRAM-03,51,VS,0,ND,0,0,ND,0,-99,0,0,0,0,
5/6/2005,126,POTR-04,52,BB,100,-99,-99,-99,-99,-99,-99,-99,-99,-99,-99,
5/6/2005,126,ACSA-03,53,VS,0,BB,10,0,ND,-99,-99,0,0,0,0,
5/6/2005,126,PRSE-04,54,BB,100,-99,-99,-99,-99,-99,-99,-99,-99,-99,-99,
5/6/2005,126,QURU-04,55,BB,80,BB,100,0,ND,0,-99,0,0,0,0,
5/6/2005,126,ACRU-05,56,BB,80,BB,100,100,F,0,0,0,0,0,0,fruit developing
5/6/2005,126,FRAM-04,57,VS,0,ND,0,0,ND,0,-99,0,0,0,0,
5/6/2005,126,POTR-02,58,BB,100,-99,-99,-99,-99,-99,-99,-99,-99,-99,-99,fruit developing
5/10/2005,130,AMSP-01,1,BB,100,-99,-99,-99,-99,-99,-99,-99,-99,-99,-99,still flowering
5/10/2005,130,FRAM-01,2,VS,0,ND,0,0,ND,-99,-99,0,0,0,0,
5/10/2005,130,PRSE-01,3,BB,100,-99,-99,-99,-99,-99,-99,-99,-99,-99,-99,
5/10/2005,130,ACRU-01,4,VS,0,BB,100,100,M,-99,-99,0,0,0,0,
5/10/2005,130,COAL-01,5,BB,99,-99,-99,-99,-99,-99,-99,-99,-99,-99,-99,
5/10/2005,130,AMSP-02,6,BB,100,-99,-99,-99,-99,-99,-99,-99,-99,-99,-99,still flowering
5/10/2005,130,ACSA-01,7,BB,100,ND,0,0,ND,12,9,-99,0,0,0,
5/10/2005,130,BELE-01,8,VS,0,-99,-99,-99,-99,-99,-99,-99,-99,-99,-99,
5/10/2005,130,BEAL-01,9,BB,25,BB,100,-99,ND,5,2.5,-99,0,0,0,
5/10/2005,130,COAL-04,10,-99,-99,-99,-99,-99,-99,-99,-99,-99,-99,-99,-99,dead
5/10/2005,130,QURU-01,11,BB,100,BB,100,-99,ND,-99,-99,-99,0,0,0,
5/10/2005,130,QUAL-04,12,-99,-99,-99,-99,-99,-99,-99,-99,-99,-99,-99,-99,tree dying/dead
5/10/2005,130,FAGR-01,13,VS,0,-99,-99,-99,-99,-99,-99,-99,-99,-99,-99,
5/10/2005,130,ACPE-01,14,BB,80,ND,0,0,ND,7,6,-99,0,0,0,
5/10/2005,130,QUVE-01,15,BB,5,-99,-99,-99,-99,-99,-99,-99,-99,-99,-99,
5/10/2005,130,BEPA-01,16,BB,2,-99,-99,-99,-99,-99,-99,-99,-99,-99,-99,
5/10/2005,130,CRSP-01,17,BB,85,-99,-99,-99,-99,-99,-99,-99,-99,-99,-99,
5/10/2005,130,ACRU-02,18,BB,30,BB,100,100,M,0,0,0,0,0,0,
5/10/2005,130,ACPE-02,19,BB,2,ND,0,0,ND,0,0,0,0,0,0,
5/10/2005,130,FAGR-05,20,VS,0,-99,-99,-99,-99,-99,-99,-99,-99,-99,-99,
5/10/2005,130,ACPE-03,21,VS,0,ND,0,0,ND,0,0,0,0,0,0,
5/10/2005,130,HAVI-01,22,BB,60,ND,0,0,ND,0,-99,0,0,0,0,
5/10/2005,130,BEAL-02,23,VS,0,ND,0,0,ND,0,-99,0,0,0,0,
5/10/2005,130,BELE-02,24,VS,0,-99,-99,-99,-99,-99,-99,-99,-99,-99,-99,
5/10/2005,130,FAGR-06,25,-99,-99,-99,-99,-99,-99,-99,-99,-99,-99,-99,-99,new tree fall 2004
5/10/2005,130,AMSP-03,26,BB,99,-99,-99,-99,-99,-99,-99,-99,-99,-99,-99,
5/10/2005,130,BEAL-03,27,BB,2,BB,100,-99,ND,0,-99,0,0,0,0,
5/10/2005,130,HAVI-02,28,BB,98,ND,0,0,ND,0,-99,0,0,0,0,
5/10/2005,130,QURU-02,29,VS,0,ND,0,0,ND,-99,-99,0,0,0,0,
5/10/2005,130,ACRU-03,30,VS,0,BB,100,100,M,-99,-99,0,0,0,0,
5/10/2005,130,ACPE-04,31,VS,0,ND,0,0,ND,0,0,0,0,0,0,
5/10/2005,130,QUVE-02,32,VS,0,-99,-99,-99,-99,-99,-99,-99,-99,-99,-99,
5/10/2005,130,ACRU-04,33,BB,98,BB,100,100,M,0,0,0,0,0,0,
5/10/2005,130,QUAL-02,34,MS,0,ND,0,0,ND,0,-99,0,0,0,0,
5/10/2005,130,CRSP-03,35,BB,65,-99,-99,-99,-99,-99,-99,-99,-99,-99,-99,
5/10/2005,130,BELE-03,36,VS,0,-99,-99,-99,-99,-99,-99,-99,-99,-99,-99,
5/10/2005,130,HAVI-03,37,BB,90,ND,0,0,ND,0,-99,0,0,0,0,
5/10/2005,130,QUVE-03,38,VS,0,-99,-99,-99,-99,-99,-99,-99,-99,-99,-99,
5/10/2005,130,QUVE-04,39,VS,0,-99,-99,-99,-99,-99,-99,-99,-99,-99,-99,
5/10/2005,130,QURU-03,40,BB,90,-99,-99,-99,ND,-99,-99,0,0,0,0,
5/10/2005,130,CRSP-02,41,BB,90,-99,-99,-99,-99,-99,-99,-99,-99,-99,-99,
5/10/2005,130,PRSE-02,42,BB,100,-99,-99,-99,-99,-99,-99,-99,-99,-99,-99,
5/10/2005,130,BEPA-02,43,BB,100,-99,-99,-99,-99,-99,-99,-99,-99,-99,-99,
5/10/2005,130,BEPA-03,44,BB,75,-99,-99,-99,-99,-99,-99,-99,-99,-99,-99,
5/10/2005,130,BEPA-04,45,BB,100,-99,-99,-99,-99,-99,-99,-99,-99,-99,-99,about 25% catkins fallen
5/10/2005,130,COAL-03,46,BB,100,-99,-99,-99,-99,-99,-99,-99,-99,-99,-99,
5/10/2005,130,FRAM-02,47,MS,0,ND,0,0,ND,-99,-99,0,0,0,0,
5/10/2005,130,FAGR-04,48,BB,100,-99,-99,-99,-99,-99,-99,-99,-99,-99,-99,
5/10/2005,130,QUAL-03,49,VS,0,ND,0,0,ND,0,-99,0,0,0,0,
5/10/2005,130,ACSA-02,50,BB,100,ND,0,0,ND,11,8.5,-99,0,0,0,
5/10/2005,130,FRAM-03,51,VS,0,ND,0,0,ND,0,-99,0,0,0,0,
5/10/2005,130,POTR-04,52,BB,100,-99,-99,-99,-99,-99,-99,-99,-99,-99,-99,
5/10/2005,130,ACSA-03,53,BB,15,ND,0,0,ND,-99,-99,0,0,0,0,
5/10/2005,130,PRSE-04,54,BB,100,-99,-99,-99,-99,-99,-99,-99,-99,-99,-99,
5/10/2005,130,QURU-04,55,BB,90,BB,100,-99,ND,0,-99,0,0,0,0,
5/10/2005,130,ACRU-05,56,BB,100,BB,100,100,F,-99,-99,-99,0,0,0,fruit developing
5/10/2005,130,FRAM-04,57,VS,0,ND,0,0,ND,0,-99,0,0,0,0,
5/10/2005,130,POTR-02,58,BB,100,-99,-99,-99,-99,-99,-99,-99,-99,-99,-99,
5/14/2005,134,AMSP-01,1,BB,100,-99,-99,-99,-99,-99,-99,-99,-99,-99,-99,most flwrs past
5/14/2005,134,FRAM-01,2,BB,97,ND,0,0,ND,-99,-99,0,0,0,0,
5/14/2005,134,PRSE-01,3,BB,100,-99,-99,-99,-99,-99,-99,-99,-99,-99,-99,
5/14/2005,134,ACRU-01,4,BB,50,BB,100,100,M,-99,-99,0,0,0,0,
5/14/2005,134,COAL-01,5,BB,100,-99,-99,-99,-99,-99,-99,-99,-99,-99,-99,
5/14/2005,134,AMSP-02,6,BB,100,-99,-99,-99,-99,-99,-99,-99,-99,-99,-99,>50% flwrs past
5/14/2005,134,ACSA-01,7,BB,100,ND,0,0,ND,10,9,35,0,0,0,
5/14/2005,134,BELE-01,8,BB,45,-99,-99,-99,-99,-99,-99,-99,-99,-99,-99,catkins dangling
5/14/2005,134,BEAL-01,9,BB,90,-99,-99,-99,ND,7,4,20,0,0,0,
5/14/2005,134,COAL-04,10,-99,-99,-99,-99,-99,-99,-99,-99,-99,-99,-99,-99,dead
5/14/2005,134,QURU-01,11,BB,99,BB,100,8,ND,-99,-99,-99,0,0,0,
5/14/2005,134,QUAL-05,12,BB,35,ND,0,0,ND,0,-99,0,0,0,0,new tree 5/14/2005
5/14/2005,134,FAGR-01,13,BB,35,-99,-99,-99,-99,-99,-99,-99,-99,-99,-99,
5/14/2005,134,ACPE-01,14,BB,100,BB,100,0,M,10,8,23,0,0,0,
5/14/2005,134,QUVE-01,15,BB,90,-99,-99,-99,-99,-99,-99,-99,-99,-99,-99,
5/14/2005,134,BEPA-01,16,BB,98,-99,-99,-99,-99,-99,-99,-99,-99,-99,-99,
5/14/2005,134,CRSP-01,17,BB,100,-99,-99,-99,-99,-99,-99,-99,-99,-99,-99,
5/14/2005,134,ACRU-02,18,BB,97,BB,100,100,M,-99,-99,5,0,0,0,
5/14/2005,134,ACPE-02,19,BB,98,BB,50,0,M,7,6,8,0,0,0,
5/14/2005,134,FAGR-05,20,BB,65,-99,-99,-99,-99,-99,-99,-99,-99,-99,-99,
5/14/2005,134,ACPE-03,21,BB,100,ND,0,0,ND,6,6,8,0,0,0,
5/14/2005,134,HAVI-01,22,BB,100,ND,0,0,ND,4,-99,7,0,0,0,
5/14/2005,134,BEAL-02,23,BB,40,ND,0,0,ND,0,-99,0,0,0,0,
5/14/2005,134,BELE-02,24,BB,8,-99,-99,-99,-99,-99,-99,-99,-99,-99,-99,
5/14/2005,134,FAGR-06,25,BB,100,-99,-99,-99,-99,-99,-99,-99,-99,-99,-99,new tree fall 2004
5/14/2005,134,AMSP-03,26,BB,100,-99,-99,-99,-99,-99,-99,-99,-99,-99,-99,
5/14/2005,134,BEAL-03,27,BB,85,ND,0,0,ND,0,-99,0,0,0,0,
5/14/2005,134,HAVI-02,28,BB,100,ND,0,0,ND,5,4,13,0,0,0,
5/14/2005,134,QURU-02,29,BB,75,ND,0,0,ND,-99,-99,0,0,0,0,
5/14/2005,134,ACRU-03,30,BB,60,BB,100,100,M,-99,-99,0,0,0,0,
5/14/2005,134,ACPE-04,31,BB,95,ND,0,0,ND,0,0,0,0,0,0,
5/14/2005,134,QUVE-02,32,BB,35,-99,-99,-99,-99,-99,-99,-99,-99,-99,-99,
5/14/2005,134,ACRU-04,33,BB,99,BB,100,100,M,5,4,8,0,0,0,
5/14/2005,134,QUAL-02,34,VS,0,ND,0,0,ND,0,-99,0,0,0,0,
5/14/2005,134,CRSP-03,35,BB,100,-99,-99,-99,-99,-99,-99,-99,-99,-99,-99,
5/14/2005,134,BELE-03,36,BB,40,-99,-99,-99,-99,-99,-99,-99,-99,-99,-99,
5/14/2005,134,HAVI-03,37,BB,100,ND,0,0,ND,5,4,13,0,0,0,
5/14/2005,134,QUVE-03,38,BB,85,-99,-99,-99,-99,-99,-99,-99,-99,-99,-99,
5/14/2005,134,QUVE-04,39,BB,60,-99,-99,-99,-99,-99,-99,-99,-99,-99,-99,
5/14/2005,134,QURU-03,40,BB,99,BB,100,20,ND,-99,-99,13,0,0,0,
5/14/2005,134,CRSP-02,41,BB,100,-99,-99,-99,-99,-99,-99,-99,-99,-99,-99,
5/14/2005,134,PRSE-02,42,BB,100,-99,-99,-99,-99,-99,-99,-99,-99,-99,-99,
5/14/2005,134,BEPA-02,43,BB,100,-99,-99,-99,-99,-99,-99,-99,-99,-99,-99,
5/14/2005,134,BEPA-03,44,BB,100,-99,-99,-99,-99,-99,-99,-99,-99,-99,-99,
5/14/2005,134,BEPA-04,45,BB,100,-99,-99,-99,-99,-99,-99,-99,-99,-99,-99,>50% catkins fallen
5/14/2005,134,COAL-03,46,BB,100,-99,-99,-99,-99,-99,-99,-99,-99,-99,-99,
5/14/2005,134,FRAM-02,47,BB,2,ND,0,0,ND,-99,-99,0,0,0,0,
5/14/2005,134,FAGR-04,48,BB,100,-99,-99,-99,-99,-99,-99,-99,-99,-99,-99,
5/14/2005,134,QUAL-03,49,BB,1,ND,0,0,ND,0,-99,0,0,0,0,
5/14/2005,134,ACSA-02,50,BB,100,ND,0,0,ND,10,10,35,0,0,0,
5/14/2005,134,FRAM-03,51,BB,100,ND,0,0,ND,-99,-99,3,0,0,0,
5/14/2005,134,POTR-04,52,BB,100,-99,-99,-99,-99,-99,-99,-99,-99,-99,-99,
5/14/2005,134,ACSA-03,53,BB,95,ND,0,0,ND,-99,-99,0,0,0,0,
5/14/2005,134,PRSE-04,54,BB,100,-99,-99,-99,-99,-99,-99,-99,-99,-99,-99,
5/14/2005,134,QURU-04,55,BB,98,BB,100,8,ND,-99,-99,0,0,0,0,
5/14/2005,134,ACRU-05,56,BB,100,BB,100,100,F,7,6,13,0,0,0,fruit still on
5/14/2005,134,FRAM-04,57,VS,0,ND,0,0,ND,0,0,0,0,0,0,
5/14/2005,134,POTR-02,58,BB,100,-99,-99,-99,-99,-99,-99,-99,-99,-99,-99,fruit still on
5/17/2005,137,AMSP-01,1,BB,100,-99,-99,-99,-99,-99,-99,-99,-99,-99,-99,
5/17/2005,137,FRAM-01,2,BB,97,ND,0,0,ND,-99,-99,0,0,0,0,
5/17/2005,137,PRSE-01,3,BB,100,-99,-99,-99,-99,-99,-99,-99,-99,-99,-99,
5/17/2005,137,ACRU-01,4,BB,100,BB,100,100,M,-99,-99,-99,0,0,0,
5/17/2005,137,COAL-01,5,BB,100,-99,-99,-99,-99,-99,-99,-99,-99,-99,-99,
5/17/2005,137,AMSP-02,6,BB,100,-99,-99,-99,-99,-99,-99,-99,-99,-99,-99,
5/17/2005,137,ACSA-01,7,BB,100,ND,0,0,ND,10,11,-99,0,0,0,
5/17/2005,137,BELE-01,8,BB,75,-99,-99,-99,-99,-99,-99,-99,-99,-99,-99,some catkins fallen
5/17/2005,137,BEAL-01,9,BB,97,ND,0,0,ND,0,-99,0,0,0,0,
5/17/2005,137,COAL-04,10,-99,-99,-99,-99,-99,-99,-99,-99,-99,-99,-99,-99,dead
5/17/2005,137,QURU-01,11,BB,100,BB,100,-99,ND,-99,-99,-99,0,0,0,
5/17/2005,137,QUAL-05,12,-99,-99,-99,-99,-99,-99,-99,-99,-99,-99,-99,-99,new tree 5/14/2005
5/17/2005,137,FAGR-01,13,BB,97,-99,-99,-99,-99,-99,-99,-99,-99,-99,-99,
5/17/2005,137,ACPE-01,14,BB,100,BB,-99,-99,M,12,10,-99,0,0,0,
5/17/2005,137,QUVE-01,15,BB,75,-99,-99,-99,-99,-99,-99,-99,-99,-99,-99,
5/17/2005,137,BEPA-01,16,BB,98,-99,-99,-99,-99,-99,-99,-99,-99,-99,-99,
5/17/2005,137,CRSP-01,17,BB,100,-99,-99,-99,-99,-99,-99,-99,-99,-99,-99,
5/17/2005,137,ACRU-02,18,BB,97,BB,100,100,M,-99,-99,-99,0,0,0,
5/17/2005,137,ACPE-02,19,BB,100,BB,-99,-99,M,11,9,-99,0,0,0,
5/17/2005,137,FAGR-05,20,BB,95,-99,-99,-99,-99,-99,-99,-99,-99,-99,-99,
5/17/2005,137,ACPE-03,21,BB,100,ND,0,0,ND,10,10,-99,0,0,0,
5/17/2005,137,HAVI-01,22,BB,100,ND,0,0,ND,6,4,-99,0,0,0,
5/17/2005,137,BEAL-02,23,BB,50,ND,0,0,ND,0,-99,0,0,0,0,
5/17/2005,137,BELE-02,24,BB,8,-99,-99,-99,-99,-99,-99,-99,-99,-99,-99,
5/17/2005,137,FAGR-06,25,BB,100,-99,-99,-99,-99,-99,-99,-99,-99,-99,-99,new tree fall 2004
5/17/2005,137,AMSP-03,26,BB,100,-99,-99,-99,-99,-99,-99,-99,-99,-99,-99,
5/17/2005,137,BEAL-03,27,BB,97,ND,0,0,ND,0,-99,0,0,0,0,
5/17/2005,137,HAVI-02,28,BB,100,ND,0,0,ND,6,5,-99,0,0,0
5/17/2005,137,QURU-02,29,BB,60,ND,0,0,ND,-99,-99,0,0,0,0
5/17/2005,137,ACRU-03,30,BB,70,BB,100,100,M,-99,-99,0,0,0,0
5/17/2005,137,ACPE-04,31,BB,100,ND,0,0,ND,8,7,-99,0,0,0
5/17/2005,137,QUVE-02,32,BB,3,-99,-99,-99,-99,-99,-99,-99,-99,-99,-99
5/17/2005,137,ACRU-04,33,BB,100,BB,100,100,M,6,6,-99,0,0,0
5/17/2005,137,QUAL-02,34,VS,0,ND,0,0,ND,0,-99,0,0,0,0
5/17/2005,137,CRSP-03,35,BB,100,-99,-99,-99,-99,-99,-99,-99,-99,-99,-99
5/17/2005,137,BELE-03,36,BB,40,-99,-99,-99,-99,-99,-99,-99,-99,-99,-99
5/17/2005,137,HAVI-03,37,BB,100,ND,0,0,ND,6,4,-99,0,0,0
5/17/2005,137,QUVE-03,38,BB,85,-99,-99,-99,-99,-99,-99,-99,-99,-99,-99
5/17/2005,137,QUVE-04,39,BB,60,-99,-99,-99,-99,-99,-99,-99,-99,-99,-99
5/17/2005,137,QURU-03,40,BB,95,BB,-99,-99,ND,-99,-99,0,0,0,0
5/17/2005,137,CRSP-02,41,BB,100,-99,-99,-99,-99,-99,-99,-99,-99,-99,-99
5/17/2005,137,PRSE-02,42,BB,100,-99,-99,-99,-99,-99,-99,-99,-99,-99,-99
5/17/2005,137,BEPA-02,43,BB,100,-99,-99,-99,-99,-99,-99,-99,-99,-99,-99
5/17/2005,137,BEPA-03,44,BB,100,-99,-99,-99,-99,-99,-99,-99,-99,-99,-99,
5/17/2005,137,BEPA-04,45,BB,100,-99,-99,-99,-99,-99,-99,-99,-99,-99,-99,
5/17/2005,137,COAL-03,46,BB,100,-99,-99,-99,-99,-99,-99,-99,-99,-99,-99,
5/17/2005,137,FRAM-02,47,BB,50,ND,0,0,ND,-99,-99,0,0,0,0,
5/17/2005,137,FAGR-04,48,BB,100,-99,-99,-99,-99,-99,-99,-99,-99,-99,-99,
5/17/2005,137,QUAL-03,49,BB,50,ND,0,0,ND,0,-99,0,0,0,0,
5/17/2005,137,ACSA-02,50,BB,100,ND,0,0,ND,10,12,-99,0,0,0,
5/17/2005,137,FRAM-03,51,BB,100,ND,0,0,ND,-99,-99,-99,0,0,0,
5/17/2005,137,POTR-04,52,BB,100,-99,-99,-99,-99,-99,-99,-99,-99,-99,-99,
5/17/2005,137,ACSA-03,53,BB,100,ND,0,0,ND,-99,-99,-99,0,0,0,
5/17/2005,137,PRSE-04,54,BB,100,-99,-99,-99,-99,-99,-99,-99,-99,-99,-99,
5/17/2005,137,QURU-04,55,BB,100,BB,100,-99,ND,-99,-99,-99,0,0,0,
5/17/2005,137,ACRU-05,56,BB,100,BB,100,100,F,7,8,-99,0,0,0,fruit still on
5/17/2005,137,FRAM-04,57,VS,0,ND,0,0,ND,0,-99,0,0,0,0,
5/17/2005,137,POTR-02,58,BB,100,-99,-99,-99,-99,-99,-99,-99,-99,-99,-99,
5/21/2005,141,AMSP-01,1,BB,100,-99,-99,-99,-99,-99,-99,-99,-99,-99,-99,
5/21/2005,141,FRAM-01,2,BB,100,ND,0,0,ND,-99,-99,10,0,0,0,
5/21/2005,141,PRSE-01,3,BB,100,-99,-99,-99,-99,-99,-99,-99,-99,-99,-99,
5/21/2005,141,ACRU-01,4,BB,97,BB,100,100,M,-99,-99,13,0,0,0,
5/21/2005,141,COAL-01,5,BB,100,-99,-99,-99,-99,-99,-99,-99,-99,-99,-99,
5/21/2005,141,AMSP-02,6,BB,100,-99,-99,-99,-99,-99,-99,-99,-99,-99,-99,flowers done
5/21/2005,141,ACSA-01,7,BB,100,ND,0,0,ND,12,13,58,20,0,0,
5/21/2005,141,BELE-01,8,BB,95,-99,-99,-99,-99,-99,-99,-99,-99,-99,-99,catkins gone
5/21/2005,141,BEAL-01,9,BB,100,ND,0,0,ND,11,6,53,10,0,0,
5/21/2005,141,COAL-04,10,-99,-99,-99,-99,-99,-99,-99,-99,-99,-99,-99,-99,dead
5/21/2005,141,QURU-01,11,BB,100,BB,100,8,ND,-99,-99,18,0,0,0,
5/21/2005,141,QUAL-05,12,BB,95,ND,0,0,ND,-99,-99,3,0,0,0,new tree 5/14/2005
5/21/2005,141,FAGR-01,13,BB,100,-99,-99,-99,-99,-99,-99,-99,-99,-99,-99,
5/21/2005,141,ACPE-01,14,BB,100,BB,100,8,M,15,13,53,15,0,0,
5/21/2005,141,QUVE-01,15,BB,95,-99,-99,-99,-99,-99,-99,-99,-99,-99,-99,
5/21/2005,141,BEPA-01,16,BB,100,-99,-99,-99,-99,-99,-99,-99,-99,-99,-99,
5/21/2005,141,CRSP-01,17,BB,100,-99,-99,-99,-99,-99,-99,-99,-99,-99,-99,
5/21/2005,141,ACRU-02,18,BB,100,BB,100,100,M,6,6,13,0,0,0,
5/21/2005,141,ACPE-02,19,BB,100,BB,100,0,M,10,10,20,0,0,0,
5/21/2005,141,FAGR-05,20,BB,100,-99,-99,-99,-99,-99,-99,-99,-99,-99,-99,
5/21/2005,141,ACPE-03,21,BB,100,ND,0,0,ND,11,12,20,0,0,0,
5/21/2005,141,HAVI-01,22,BB,100,ND,0,0,ND,8,5,18,0,0,0,
5/21/2005,141,BEAL-02,23,BB,98,ND,0,0,ND,5,-99,15,0,0,0,
5/21/2005,141,BELE-02,24,BB,75,-99,-99,-99,-99,-99,-99,-99,-99,-99,-99,
5/21/2005,141,FAGR-06,25,BB,100,-99,-99,-99,-99,-99,-99,-99,-99,-99,-99,new tree fall 2004
5/21/2005,141,AMSP-03,26,BB,100,-99,-99,-99,-99,-99,-99,-99,-99,-99,-99,
5/21/2005,141,BEAL-03,27,BB,98,ND,0,0,ND,5,3,13,0,0,0,
5/21/2005,141,HAVI-02,28,BB,100,ND,0,0,ND,8,5,39,0,0,0,
5/21/2005,141,QURU-02,29,BB,85,ND,0,0,ND,-99,-99,5,0,0,0,lvs shrivelled;frosted?
5/21/2005,141,ACRU-03,30,BB,100,BB,100,100,M,-99,-99,8,0,0,0,lvs shrivelled;frosted?
5/21/2005,141,ACPE-04,31,BB,100,ND,0,0,ND,9,8,25,0,0,0,
5/21/2005,141,QUVE-02,32,BB,40,-99,-99,-99,-99,-99,-99,-99,-99,-99,-99,
5/21/2005,141,ACRU-04,33,BB,100,BB,100,100,M,7,6,15,0,0,0,some frost damage?
5/21/2005,141,QUAL-02,34,BB,5,ND,0,0,ND,0,-99,0,0,0,0,
5/21/2005,141,CRSP-03,35,BB,100,-99,-99,-99,-99,-99,-99,-99,-99,-99,-99,
5/21/2005,141,BELE-03,36,BB,95,-99,-99,-99,-99,-99,-99,-99,-99,-99,-99,
5/21/2005,141,HAVI-03,37,BB,100,ND,0,0,ND,8,6,35,0,0,0,
5/21/2005,141,QUVE-03,38,BB,90,-99,-99,-99,-99,-99,-99,-99,-99,-99,-99,
5/21/2005,141,QUVE-04,39,BB,100,-99,-99,-99,-99,-99,-99,-99,-99,-99,-99,
5/21/2005,141,QURU-03,40,BB,100,BB,100,10,ND,-99,-99,20,0,0,0,
5/21/2005,141,CRSP-02,41,BB,100,-99,-99,-99,-99,-99,-99,-99,-99,-99,-99,
5/21/2005,141,PRSE-02,42,BB,100,-99,-99,-99,-99,-99,-99,-99,-99,-99,-99,
5/21/2005,141,BEPA-02,43,BB,100,-99,-99,-99,-99,-99,-99,-99,-99,-99,-99,
5/21/2005,141,BEPA-03,44,BB,100,-99,-99,-99,-99,-99,-99,-99,-99,-99,-99,
5/21/2005,141,BEPA-04,45,BB,100,-99,-99,-99,-99,-99,-99,-99,-99,-99,-99,catkins gone
5/21/2005,141,COAL-03,46,BB,100,-99,-99,-99,-99,-99,-99,-99,-99,-99,-99,
5/21/2005,141,FRAM-02,47,BB,100,ND,0,0,ND,-99,-99,5,0,0,0,
5/21/2005,141,FAGR-04,48,BB,100,-99,-99,-99,-99,-99,-99,-99,-99,-99,-99,
5/21/2005,141,QUAL-03,49,BB,50,ND,0,0,ND,0,-99,0,0,0,0,
5/21/2005,141,ACSA-02,50,BB,100,ND,0,0,ND,13,12,65,40,0,0,
5/21/2005,141,FRAM-03,51,BB,100,ND,0,0,ND,10,-99,10,0,0,0,
5/21/2005,141,POTR-04,52,BB,100,-99,-99,-99,-99,-99,-99,-99,-99,-99,-99,
5/21/2005,141,ACSA-03,53,BB,100,ND,0,0,ND,-99,-99,45,0,0,0,
5/21/2005,141,PRSE-04,54,BB,100,-99,-99,-99,-99,-99,-99,-99,-99,-99,-99,
5/21/2005,141,QURU-04,55,BB,100,BB,100,0,,-99,-99,20,0,0,0,
5/21/2005,141,ACRU-05,56,BB,100,BB,100,100,F,11,9,45,0,0,0,
5/21/2005,141,FRAM-04,57,BB,8,BB,50,0,-99,0,-99,0,0,0,0,
5/21/2005,141,POTR-02,58,BB,100,-99,-99,-99,-99,-99,-99,-99,-99,-99,-99,most fruit gone?
5/27/2005,147,AMSP-01,1,BB,100,-99,-99,-99,-99,-99,-99,-99,-99,-99,-99,
5/27/2005,147,FRAM-01,2,BB,100,ND,0,0,ND,-99,-99,15,0,0,0,
5/27/2005,147,PRSE-01,3,BB,100,-99,-99,-99,-99,-99,-99,-99,-99,-99,-99,
5/27/2005,147,ACRU-01,4,BB,100,BB,100,100,M,-99,-99,27,0,0,0,
5/27/2005,147,COAL-01,5,BB,100,-99,-99,-99,-99,-99,-99,-99,-99,-99,-99,
5/27/2005,147,AMSP-02,6,BB,100,-99,-99,-99,-99,-99,-99,-99,-99,-99,-99,
5/27/2005,147,ACSA-01,7,BB,100,ND,0,0,ND,11,13,55,0,0,0,
5/27/2005,147,BELE-01,8,BB,97,-99,-99,-99,-99,-99,-99,-99,-99,-99,-99,
5/27/2005,147,BEAL-01,9,BB,100,ND,0,0,ND,11,6,50,15,0,0,
5/27/2005,147,COAL-04,10,-99,-99,-99,-99,-99,-99,-99,-99,-99,-99,-99,-99,dead
5/27/2005,147,QURU-01,11,BB,100,BB,100,75,ND,-99,-99,15,0,0,0,
5/27/2005,147,QUAL-05,12,BB,97,ND,0,0,ND,6,3,9,0,0,0,new tree 5/14/2005
5/27/2005,147,FAGR-01,13,BB,100,-99,-99,-99,-99,-99,-99,-99,-99,-99,-99,
5/27/2005,147,ACPE-01,14,BB,100,BB,100,25,M,15,13,55,20,0,0,
5/27/2005,147,QUVE-01,15,BB,95,-99,-99,-99,-99,-99,-99,-99,-99,-99,-99,
5/27/2005,147,BEPA-01,16,BB,100,-99,-99,-99,-99,-99,-99,-99,-99,-99,-99,
5/27/2005,147,CRSP-01,17,BB,100,-99,-99,-99,-99,-99,-99,-99,-99,-99,-99,
5/27/2005,147,ACRU-02,18,BB,100,BB,100,100,M,7,8,22,0,0,0,
5/27/2005,147,ACPE-02,19,BB,100,BB,100,10,M,14,12,30,0,0,0,
5/27/2005,147,FAGR-05,20,BB,100,-99,-99,-99,-99,-99,-99,-99,-99,-99,-99,
5/27/2005,147,ACPE-03,21,BB,100,ND,0,0,ND,12,14,35,0,0,0,
5/27/2005,147,HAVI-01,22,BB,100,ND,0,0,ND,9,7,38,0,0,0,
5/27/2005,147,BEAL-02,23,BB,98,ND,0,0,ND,6,4,18,0,0,0,
5/27/2005,147,BELE-02,24,BB,97,-99,-99,-99,-99,-99,-99,-99,-99,-99,-99,
5/27/2005,147,FAGR-06,25,BB,100,-99,-99,-99,-99,-99,-99,-99,-99,-99,-99,new tree fall 2004
5/27/2005,147,AMSP-03,26,BB,100,-99,-99,-99,-99,-99,-99,-99,-99,-99,-99,
5/27/2005,147,BEAL-03,27,BB,99,ND,0,0,ND,6,4,23,0,0,0,
5/27/2005,147,HAVI-02,28,BB,100,ND,0,0,ND,8,6,33,0,0,0,
5/27/2005,147,QURU-02,29,BB,85,ND,0,0,ND,-99,-99,9,0,0,0,some frost damage?
5/27/2005,147,ACRU-03,30,BB,100,BB,100,100,M,-99,-99,10,0,0,0,some frost damage?
5/27/2005,147,ACPE-04,31,BB,100,ND,0,0,ND,10,10,30,0,0,0,
5/27/2005,147,QUVE-02,32,BB,40,-99,-99,-99,-99,-99,-99,-99,-99,-99,-99,some frost damage?
5/27/2005,147,ACRU-04,33,BB,100,BB,100,100,M,9,10,25,0,0,0,
5/27/2005,147,QUAL-02,34,BB,20,ND,0,0,ND,0,-99,0,0,0,0,
5/27/2005,147,CRSP-03,35,BB,100,-99,-99,-99,-99,-99,-99,-99,-99,-99,-99,
5/27/2005,147,BELE-03,36,BB,99,-99,-99,-99,-99,-99,-99,-99,-99,-99,-99,
5/27/2005,147,HAVI-03,37,BB,100,ND,0,0,ND,9,6,38,0,0,0,
5/27/2005,147,QUVE-03,38,BB,95,-99,-99,-99,-99,-99,-99,-99,-99,-99,-99,
5/27/2005,147,QUVE-04,39,BB,97,-99,-99,-99,-99,-99,-99,-99,-99,-99,-99,
5/27/2005,147,QURU-03,40,BB,100,BB,100,80,ND,-99,-99,28,0,0,0,
5/27/2005,147,CRSP-02,41,BB,100,-99,-99,-99,-99,-99,-99,-99,-99,-99,-99,
5/27/2005,147,PRSE-02,42,BB,100,-99,-99,-99,-99,-99,-99,-99,-99,-99,-99,
5/27/2005,147,BEPA-02,43,BB,100,-99,-99,-99,-99,-99,-99,-99,-99,-99,-99,
5/27/2005,147,BEPA-03,44,BB,100,-99,-99,-99,-99,-99,-99,-99,-99,-99,-99,
5/27/2005,147,BEPA-04,45,BB,100,-99,-99,-99,-99,-99,-99,-99,-99,-99,-99,
5/27/2005,147,COAL-03,46,BB,100,-99,-99,-99,-99,-99,-99,-99,-99,-99,-99,
5/27/2005,147,FRAM-02,47,BB,100,ND,0,0,ND,-99,-99,13,0,0,0,
5/27/2005,147,FAGR-04,48,BB,100,-99,-99,-99,-99,-99,-99,-99,-99,-99,-99,
5/27/2005,147,QUAL-03,49,BB,85,ND,0,0,ND,-99,-99,3,0,0,0,
5/27/2005,147,ACSA-02,50,BB,100,ND,0,0,ND,14,12,63,35,0,0,
5/27/2005,147,FRAM-03,51,BB,100,ND,0,0,ND,15,7,15,0,0,0,
5/27/2005,147,POTR-04,52,BB,100,-99,-99,-99,-99,-99,-99,-99,-99,-99,-99,
5/27/2005,147,ACSA-03,53,BB,100,ND,0,0,ND,-99,-99,53,10,0,0,no flowers this year?
5/27/2005,147,PRSE-04,54,BB,100,-99,-99,-99,-99,-99,-99,-99,-99,-99,-99,
5/27/2005,147,QURU-04,55,BB,99,BB,100,55,ND,-99,-99,20,0,0,0,
5/27/2005,147,ACRU-05,56,BB,100,BB,100,100,F,10,9,45,0,0,0,fruit still on
5/27/2005,147,FRAM-04,57,BB,35,BB,25,0,ND,0,-99,0,0,0,0,
5/27/2005,147,POTR-02,58,BB,100,-99,-99,-99,-99,-99,-99,-99,-99,-99,-99,most fruit gone 
6/1/2005,152,AMSP-01,1,BB,100,-99,-99,-99,-99,-99,-99,-99,-99,-99,-99,
6/1/2005,152,FRAM-01,2,BB,100,ND,0,0,ND,-99,-99,25,0,0,0,
6/1/2005,152,PRSE-01,3,BB,100,-99,-99,-99,-99,-99,-99,-99,-99,-99,-99,
6/1/2005,152,ACRU-01,4,BB,100,BB,100,100,M,-99,-99,45,15,0,0,
6/1/2005,152,COAL-01,5,BB,100,-99,-99,-99,-99,-99,-99,-99,-99,-99,-99,
6/1/2005,152,AMSP-02,6,BB,100,-99,-99,-99,-99,-99,-99,-99,-99,-99,-99,
6/1/2005,152,ACSA-01,7,BB,100,ND,0,0,ND,12,13,70,50,0,F,
6/1/2005,152,BELE-01,8,BB,100,-99,-99,-99,-99,-99,-99,-99,-99,-99,-99,
6/1/2005,152,BEAL-01,9,BB,100,ND,0,0,ND,12,6,78,55,0,M,
6/1/2005,152,COAL-04,10,-99,-99,-99,-99,-99,-99,-99,-99,-99,-99,-99,-99,dead
6/1/2005,152,QURU-01,11,BB,100,BB,100,75,ND,-99,-99,35,0,0,0,
6/1/2005,152,QUAL-05,12,BB,98,ND,0,0,ND,12,5,25,0,0,0,new tree 5/14/2005
6/1/2005,152,FAGR-01,13,BB,100,-99,-99,-99,-99,-99,-99,-99,-99,-99,-99,
6/1/2005,152,ACPE-01,14,BB,100,BB,100,75,M,19,16,65,20,0,0,
6/1/2005,152,QUVE-01,15,BB,98,-99,-99,-99,-99,-99,-99,-99,-99,-99,-99,
6/1/2005,152,BEPA-01,16,BB,100,-99,-99,-99,-99,-99,-99,-99,-99,-99,-99,
6/1/2005,152,CRSP-01,17,BB,100,-99,-99,-99,-99,-99,-99,-99,-99,-99,-99,
6/1/2005,152,ACRU-02,18,BB,100,BB,100,100,M,11,10,45,0,0,0,
6/1/2005,152,ACPE-02,19,BB,100,BB,100,20,M,17,16,48,0,0,S,
6/1/2005,152,FAGR-05,20,BB,100,-99,-99,-99,-99,-99,-99,-99,-99,-99,-99,
6/1/2005,152,ACPE-03,21,BB,100,ND,0,0,ND,17,16,50,0,0,0,
6/1/2005,152,HAVI-01,22,BB,100,ND,0,0,ND,11,8,48,0,0,0,
6/1/2005,152,BEAL-02,23,BB,100,ND,0,0,ND,8,5,45,0,0,0,
6/1/2005,152,BELE-02,24,BB,100,BB,100,-99,-99,-99,-99,-99,-99,-99,-99,
6/1/2005,152,FAGR-06,25,BB,100,-99,-99,-99,-99,-99,-99,-99,-99,-99,-99,new tree fall 2004
6/1/2005,152,AMSP-03,26,BB,100,-99,-99,-99,-99,-99,-99,-99,-99,-99,-99,
6/1/2005,152,BEAL-03,27,BB,100,ND,0,0,ND,8,5,48,0,0,0,
6/1/2005,152,HAVI-02,28,BB,100,ND,0,0,ND,10,8,63,20,0,0,
6/1/2005,152,QURU-02,29,BB,98,ND,0,0,ND,-99,-99,15,0,0,0,frost damage? 
6/1/2005,152,ACRU-03,30,BB,100,BB,100,100,M,-99,-99,38,0,0,0,
6/1/2005,152,ACPE-04,31,BB,100,ND,0,0,ND,13,14,50,10,0,F,
6/1/2005,152,QUVE-02,32,BB,50,-99,-99,-99,-99,-99,-99,-99,-99,-99,-99,frost damage?
6/1/2005,152,ACRU-04,33,BB,100,BB,100,100,M,11,12,48,0,0,0,
6/1/2005,152,QUAL-02,34,BB,50,ND,0,0,ND,0,-99,0,0,0,0,
6/1/2005,152,CRSP-03,35,BB,100,-99,-99,-99,-99,-99,-99,-99,-99,-99,-99,
6/1/2005,152,BELE-03,36,BB,100,-99,-99,-99,-99,-99,-99,-99,-99,-99,-99,
6/1/2005,152,HAVI-03,37,BB,100,ND,0,0,ND,10,7,50,0,0,S,
6/1/2005,152,QUVE-03,38,BB,99,-99,-99,-99,-99,-99,-99,-99,-99,-99,-99,
6/1/2005,152,QUVE-04,39,BB,100,-99,-99,-99,-99,-99,-99,-99,-99,-99,-99,
6/1/2005,152,QURU-03,40,BB,100,BB,100,97,ND,-99,-99,45,0,0,0,
6/1/2005,152,CRSP-02,41,BB,100,-99,-99,-99,-99,-99,-99,-99,-99,-99,-99,
6/1/2005,152,PRSE-02,42,BB,100,-99,-99,-99,-99,-99,-99,-99,-99,-99,-99,
6/1/2005,152,BEPA-02,43,BB,100,-99,-99,-99,-99,-99,-99,-99,-99,-99,-99,
6/1/2005,152,BEPA-03,44,BB,100,-99,-99,-99,-99,-99,-99,-99,-99,-99,-99,
6/1/2005,152,BEPA-04,45,BB,100,-99,-99,-99,-99,-99,-99,-99,-99,-99,-99,
6/1/2005,152,COAL-03,46,BB,100,-99,-99,-99,-99,-99,-99,-99,-99,-99,-99,
6/1/2005,152,FRAM-02,47,BB,100,ND,0,0,ND,-99,-99,30,0,0,0,
6/1/2005,152,FAGR-04,48,BB,100,-99,-99,-99,-99,-99,-99,-99,-99,-99,-99,
6/1/2005,152,QUAL-03,49,BB,97,ND,0,0,ND,8,4,13,0,0,0,
6/1/2005,152,ACSA-02,50,BB,100,ND,0,0,ND,15,16,78,65,20,0,
6/1/2005,152,FRAM-03,51,BB,100,ND,0,0,ND,23,14,30,0,0,0,
6/1/2005,152,POTR-04,52,BB,100,-99,-99,-99,-99,-99,-99,-99,-99,-99,-99,
6/1/2005,152,ACSA-03,53,BB,100,ND,0,0,ND,-99,-99,65,50,0,0,
6/1/2005,152,PRSE-04,54,BB,100,-99,-99,-99,-99,-99,-99,-99,-99,-99,-99,
6/1/2005,152,QURU-04,55,BB,100,BB,100,75,ND,-99,-99,43,0,0,0,
6/1/2005,152,ACRU-05,56,BB,100,BB,100,100,F,11,12,60,25,0,M,fruit still on
6/1/2005,152,FRAM-04,57,BB,100,BB,100,0,ND,12,9,13,0,0,0,
6/1/2005,152,POTR-02,58,BB,100,-99,-99,-99,-99,-99,-99,-99,-99,-99,-99,fruit gone
6/7/2005,158,AMSP-01,1,BB,100,-99,-99,-99,-99,-99,-99,-99,-99,-99,-99,
6/7/2005,158,FRAM-01,2,BB,100,ND,0,0,ND,-99,-99,73,65,0,0,
6/7/2005,158,PRSE-01,3,BB,100,-99,-99,-99,-99,-99,-99,-99,-99,-99,-99,
6/7/2005,158,ACRU-01,4,BB,100,BB,100,100,M,-99,-99,78,75,0,S,
6/7/2005,158,COAL-01,5,BB,100,-99,-99,-99,-99,-99,-99,-99,-99,-99,-99,
6/7/2005,158,AMSP-02,6,BB,100,-99,-99,-99,-99,-99,-99,-99,-99,-99,-99,
6/7/2005,158,ACSA-01,7,BB,100,ND,0,0,ND,14,16,90,80,45,F,
6/7/2005,158,BELE-01,8,BB,100,-99,-99,-99,-99,-99,-99,-99,-99,-99,-99,
6/7/2005,158,BEAL-01,9,BB,100,ND,0,0,ND,13,7,80,80,35,M,
6/7/2005,158,COAL-04,10,-99,-99,-99,-99,-99,-99,-99,-99,-99,-99,-99,-99,dead
6/7/2005,158,QURU-01,11,BB,100,BB,100,100,ND,-99,-99,75,70,0,0,
6/7/2005,158,QUAL-05,12,BB,100,ND,0,0,ND,20,12,53,15,0,0,new tree 5/14/2005
6/7/2005,158,FAGR-01,13,BB,100,-99,-99,-99,-99,-99,-99,-99,-99,-99,-99,
6/7/2005,158,ACPE-01,14,BB,100,BB,100,100,M,20,18,78,80,25,M,
6/7/2005,158,QUVE-01,15,BB,100,-99,-99,-99,-99,-99,-99,-99,-99,-99,-99,
6/7/2005,158,BEPA-01,16,BB,100,-99,-99,-99,-99,-99,-99,-99,-99,-99,-99,
6/7/2005,158,CRSP-01,17,BB,100,-99,-99,-99,-99,-99,-99,-99,-99,-99,-99,
6/7/2005,158,ACRU-02,18,BB,100,BB,100,100,M,12,13,83,80,25,S,
6/7/2005,158,ACPE-02,19,BB,100,BB,100,100,M,20,19,73,65,10,S,
6/7/2005,158,FAGR-05,20,BB,100,-99,-99,-99,-99,-99,-99,-99,-99,-99,-99,
6/7/2005,158,ACPE-03,21,BB,100,ND,0,0,ND,20,19,80,80,25,F,
6/7/2005,158,HAVI-01,22,BB,100,ND,0,0,ND,13,9,73,60,15,0,
6/7/2005,158,BEAL-02,23,BB,100,ND,0,0,ND,9,6,78,75,20,S,
6/7/2005,158,BELE-02,24,BB,100,-99,-99,-99,-99,-99,-99,-99,-99,-99,-99,
6/7/2005,158,FAGR-06,25,BB,100,-99,-99,-99,-99,-99,-99,-99,-99,-99,-99,new tree fall 2004
6/7/2005,158,AMSP-03,26,BB,100,-99,-99,-99,-99,-99,-99,-99,-99,-99,-99,
6/7/2005,158,BEAL-03,27,BB,100,ND,0,0,ND,10,5,75,75,10,M,
6/7/2005,158,HAVI-02,28,BB,100,ND,0,0,ND,11,9,85,80,50,0,
6/7/2005,158,QURU-02,29,BB,100,ND,0,0,ND,-99,-99,53,25,0,0,
6/7/2005,158,ACRU-03,30,BB,100,BB,100,100,M,-99,-99,70,70,0,F,
6/7/2005,158,ACPE-04,31,BB,100,ND,0,0,ND,18,18,80,65,10,S,
6/7/2005,158,QUVE-02,32,BB,100,-99,-99,-99,-99,-99,-99,-99,-99,-99,-99,
6/7/2005,158,ACRU-04,33,BB,100,BB,100,100,M,13,14,80,80,15,F,
6/7/2005,158,QUAL-02,34,BB,97,ND,0,0,ND,11,5,23,0,0,0,
6/7/2005,158,CRSP-03,35,BB,100,-99,-99,-99,-99,-99,-99,-99,-99,-99,-99,
6/7/2005,158,BELE-03,36,BB,100,-99,-99,-99,-99,-99,-99,-99,-99,-99,-99
6/7/2005,158,HAVI-03,37,BB,100,ND,0,0,ND,12,8,83,80,40,M
6/7/2005,158,QUVE-03,38,BB,100,-99,-99,-99,-99,-99,-99,-99,-99,-99,-99
6/7/2005,158,QUVE-04,39,BB,100,-99,-99,-99,-99,-99,-99,-99,-99,-99,-99
6/7/2005,158,QURU-03,40,BB,100,BB,100,100,ND,-99,-99,80,80,30,0
6/7/2005,158,CRSP-02,41,BB,100,-99,-99,-99,-99,-99,-99,-99,-99,-99,-99
6/7/2005,158,PRSE-02,42,BB,100,-99,-99,-99,-99,-99,-99,-99,-99,-99,-99
6/7/2005,158,BEPA-02,43,BB,100,-99,-99,-99,-99,-99,-99,-99,-99,-99,-99
6/7/2005,158,BEPA-03,44,BB,100,-99,-99,-99,-99,-99,-99,-99,-99,-99,-99
6/7/2005,158,BEPA-04,45,BB,100,-99,-99,-99,-99,-99,-99,-99,-99,-99,-99
6/7/2005,158,COAL-03,46,BB,100,-99,-99,-99,-99,-99,-99,-99,-99,-99,-99
6/7/2005,158,FRAM-02,47,BB,100,ND,0,0,ND,-99,-99,83,80,30,0
6/7/2005,158,FAGR-04,48,BB,100,-99,-99,-99,-99,-99,-99,-99,-99,-99,-99
6/7/2005,158,QUAL-03,49,BB,100,ND,0,0,ND,15,8,55,40,0,0
6/7/2005,158,ACSA-02,50,BB,100,ND,0,0,ND,15,14,93,80,75,0
6/7/2005,158,FRAM-03,51,BB,100,ND,0,0,ND,31,22,80,75,20,0
6/7/2005,158,POTR-04,52,BB,100,-99,-99,-99,-99,-99,-99,-99,-99,-99,-99,
6/7/2005,158,ACSA-03,53,BB,100,ND,0,0,ND,-99,-99,83,80,45,0,
6/7/2005,158,PRSE-04,54,BB,100,-99,-99,-99,-99,-99,-99,-99,-99,-99,-99,
6/7/2005,158,QURU-04,55,BB,100,BB,100,100,ND,-99,-99,83,80,40,0,
6/7/2005,158,ACRU-05,56,BB,100,BB,100,100,F,12,11,80,80,25,M,fruit >95% gone
6/7/2005,158,FRAM-04,57,BB,100,BB,100,100,ND,30,17,45,0,0,0,
6/7/2005,158,POTR-02,58,BB,100,-99,-99,-99,-99,-99,-99,-99,-99,-99,-99,fruit gone
6/10/2005,161,AMSP-01,1,BB,100,-99,-99,-99,-99,-99,-99,-99,-99,-99,-99,
6/10/2005,161,FRAM-01,2,BB,100,ND,0,0,ND,-99,-99,83,80,50,0,
6/10/2005,161,PRSE-01,3,BB,100,-99,-99,-99,-99,-99,-99,-99,-99,-99,-99,
6/10/2005,161,ACRU-01,4,BB,100,BB,100,100,M,-99,-99,85,80,60,S,
6/10/2005,161,COAL-01,5,BB,100,-99,-99,-99,-99,-99,-99,-99,-99,-99,-99,
6/10/2005,161,AMSP-02,6,BB,100,-99,-99,-99,-99,-99,-99,-99,-99,-99,-99,
6/10/2005,161,ACSA-01,7,BB,100,ND,0,0,ND,14,15,93,80,85,0,
6/10/2005,161,BELE-01,8,BB,100,-99,-99,-99,-99,-99,-99,-99,-99,-99,-99,
6/10/2005,161,BEAL-01,9,BB,100,ND,0,0,ND,13,8,85,80,80,M,
6/10/2005,161,COAL-04,10,-99,-99,-99,-99,-99,-99,-99,-99,-99,-99,-99,-99,dead
6/10/2005,161,QURU-01,11,BB,100,BB,100,100,ND,-99,-99,78,75,30,0,
6/10/2005,161,QUAL-05,12,BB,100,ND,0,0,ND,20,13,73,65,10,0,new tree 5/14/2005
6/10/2005,161,FAGR-01,13,BB,100,-99,-99,-99,-99,-99,-99,-99,-99,-99,-99,
6/10/2005,161,ACPE-01,14,BB,100,BB,100,100,M,20,17,80,80,40,M,
6/10/2005,161,QUVE-01,15,BB,100,-99,-99,-99,-99,-99,-99,-99,-99,-99,-99,
6/10/2005,161,BEPA-01,16,BB,100,-99,-99,-99,-99,-99,-99,-99,-99,-99,-99,
6/10/2005,161,CRSP-01,17,BB,100,-99,-99,-99,-99,-99,-99,-99,-99,-99,-99,
6/10/2005,161,ACRU-02,18,BB,100,BB,100,100,M,12,13,85,80,60,S,
6/10/2005,161,ACPE-02,19,BB,100,BB,100,100,M,20,20,75,75,20,S,
6/10/2005,161,FAGR-05,20,BB,100,-99,-99,-99,-99,-99,-99,-99,-99,-99,-99,
6/10/2005,161,ACPE-03,21,BB,100,ND,0,0,ND,20,20,83,80,50,F,
6/10/2005,161,HAVI-01,22,BB,100,ND,0,0,ND,13,9,75,80,30,F,
6/10/2005,161,BEAL-02,23,BB,100,ND,0,0,ND,9,6,80,80,45,F,
6/10/2005,161,BELE-02,24,BB,100,-99,-99,-99,-99,-99,-99,-99,-99,-99,-99,
6/10/2005,161,FAGR-06,25,BB,100,-99,-99,-99,-99,-99,-99,-99,-99,-99,-99,new tree fall 2004
6/10/2005,161,AMSP-03,26,BB,100,-99,-99,-99,-99,-99,-99,-99,-99,-99,-99
6/10/2005,161,BEAL-03,27,BB,100,ND,0,0,ND,10,6,83,80,50,M
6/10/2005,161,HAVI-02,28,BB,100,ND,0,0,ND,11,9,90,80,75,F
6/10/2005,161,QURU-02,29,BB,100,ND,0,0,ND,-99,-99,70,65,0,0
6/10/2005,161,ACRU-03,30,BB,100,BB,100,100,M,-99,-99,83,80,50,F
6/10/2005,161,ACPE-04,31,BB,100,ND,0,0,ND,18,18,80,75,25,F
6/10/2005,161,QUVE-02,32,BB,100,-99,-99,-99,-99,-99,-99,-99,-99,-99,-99
6/10/2005,161,ACRU-04,33,BB,100,BB,100,100,M,13,15,88,80,65,S
6/10/2005,161,QUAL-02,34,BB,100,ND,0,0,ND,15,9,45,20,0,0
6/10/2005,161,CRSP-03,35,BB,100,-99,-99,-99,-99,-99,-99,-99,-99,-99,-99
6/10/2005,161,BELE-03,36,BB,100,-99,-99,-99,-99,-99,-99,-99,-99,-99,-99
6/10/2005,161,HAVI-03,37,BB,100,ND,0,0,ND,12,8,88,80,70,M
6/10/2005,161,QUVE-03,38,BB,100,-99,-99,-99,-99,-99,-99,-99,-99,-99,-99
6/10/2005,161,QUVE-04,39,BB,100,-99,-99,-99,-99,-99,-99,-99,-99,-99,-99
6/10/2005,161,QURU-03,40,BB,100,BB,100,100,ND,-99,-99,83,80,40,0
6/10/2005,161,CRSP-02,41,BB,100,-99,-99,-99,-99,-99,-99,-99,-99,-99,-99
6/10/2005,161,PRSE-02,42,BB,100,-99,-99,-99,-99,-99,-99,-99,-99,-99,-99,
6/10/2005,161,BEPA-02,43,BB,100,-99,-99,-99,-99,-99,-99,-99,-99,-99,-99,
6/10/2005,161,BEPA-03,44,BB,100,-99,-99,-99,-99,-99,-99,-99,-99,-99,-99,
6/10/2005,161,BEPA-04,45,BB,100,-99,-99,-99,-99,-99,-99,-99,-99,-99,-99,
6/10/2005,161,COAL-03,46,BB,100,-99,-99,-99,-99,-99,-99,-99,-99,-99,-99,
6/10/2005,161,FRAM-02,47,BB,100,ND,0,0,ND,-99,-99,85,80,60,0,
6/10/2005,161,FAGR-04,48,BB,100,-99,-99,-99,-99,-99,-99,-99,-99,-99,-99,
6/10/2005,161,QUAL-03,49,BB,100,ND,0,0,ND,20,11,73,75,10,0,
6/10/2005,161,ACSA-02,50,BB,100,ND,0,0,ND,15,15,98,80,95,0,
6/10/2005,161,FRAM-03,51,BB,100,ND,0,0,ND,32,22,85,80,50,0,
6/10/2005,161,POTR-04,52,BB,100,-99,-99,-99,-99,-99,-99,-99,-99,-99,-99,
6/10/2005,161,ACSA-03,53,BB,100,ND,0,0,ND,-99,-99,88,80,60,F,
6/10/2005,161,PRSE-04,54,BB,100,-99,-99,-99,-99,-99,-99,-99,-99,-99,-99,
6/10/2005,161,QURU-04,55,BB,100,BB,100,100,ND,-99,-99,85,80,50,0,
6/10/2005,161,ACRU-05,56,BB,100,BB,100,100,F,12,13,88,80,70,M,fruit gone
6/10/2005,161,FRAM-04,57,BB,100,BB,100,100,ND,33,20,55,60,0,S,
6/10/2005,161,POTR-02,58,BB,100,-99,-99,-99,-99,-99,-99,-99,-99,-99,-99,fruit gone
6/14/2005,165,AMSP-01,1,BB,100,-99,-99,-99,-99,-99,-99,-99,-99,-99,-99,
6/14/2005,165,FRAM-01,2,BB,100,ND,0,0,ND,-99,-99,85,80,55,0,
6/14/2005,165,PRSE-01,3,BB,100,-99,-99,-99,-99,-99,-99,-99,-99,-99,-99,
6/14/2005,165,ACRU-01,4,BB,100,BB,100,100,M,-99,-99,90,80,80,M,
6/14/2005,165,COAL-01,5,BB,100,-99,-99,-99,-99,-99,-99,-99,-99,-99,-99,
6/14/2005,165,AMSP-02,6,BB,100,-99,-99,-99,-99,-99,-99,-99,-99,-99,-99,
6/14/2005,165,ACSA-01,7,BB,100,ND,0,0,ND,14,16,95,80,95,0,
6/14/2005,165,BELE-01,8,BB,100,-99,-99,-99,-99,-99,-99,-99,-99,-99,-99,
6/14/2005,165,BEAL-01,9,BB,100,ND,0,0,ND,13,7,95,80,95,M,
6/14/2005,165,COAL-04,10,-99,-99,-99,-99,-99,-99,-99,-99,-99,-99,-99,-99,dead
6/14/2005,165,QURU-01,11,BB,100,BB,100,100,ND,-99,-99,88,80,55,0,
6/14/2005,165,QUAL-05,12,BB,100,ND,0,0,ND,20,14,78,80,40,0,new tree 5/14/2005
6/14/2005,165,FAGR-01,13,BB,100,-99,-99,-99,-99,-99,-99,-99,-99,-99,-99,
6/14/2005,165,ACPE-01,14,BB,100,BB,100,100,M,20,18,88,80,70,S,
6/14/2005,165,QUVE-01,15,BB,100,-99,-99,-99,-99,-99,-99,-99,-99,-99,-99,
6/14/2005,165,BEPA-01,16,BB,100,-99,-99,-99,-99,-99,-99,-99,-99,-99,-99,
6/14/2005,165,CRSP-01,17,BB,100,-99,-99,-99,-99,-99,-99,-99,-99,-99,-99,
6/14/2005,165,ACRU-02,18,BB,100,BB,100,100,M,12,13,93,80,85,S,
6/14/2005,165,ACPE-02,19,BB,100,BB,100,100,M,20,20,83,80,60,S,
6/14/2005,165,FAGR-05,20,BB,100,-99,-99,-99,-99,-99,-99,-99,-99,-99,-99,
6/14/2005,165,ACPE-03,21,BB,100,ND,0,0,ND,20,20,90,80,80,F,
6/14/2005,165,HAVI-01,22,BB,100,ND,0,0,ND,13,9,85,80,75,0,
6/14/2005,165,BEAL-02,23,BB,100,-99,-99,-99,ND,9,6,90,80,75,S,
6/14/2005,165,BELE-02,24,BB,100,-99,-99,-99,-99,-99,-99,-99,-99,-99,-99,
6/14/2005,165,FAGR-06,25,BB,100,-99,-99,-99,-99,-99,-99,-99,-99,-99,-99,new tree fall 2004
6/14/2005,165,AMSP-03,26,BB,100,-99,-99,-99,-99,-99,-99,-99,-99,-99,-99,
6/14/2005,165,BEAL-03,27,BB,100,BB,100,100,ND,10,6,88,80,75,M,
6/14/2005,165,HAVI-02,28,BB,100,ND,0,0,ND,11,9,95,80,95,F,
6/14/2005,165,QURU-02,29,BB,100,-99,-99,-99,ND,-99,-99,75,75,25,0,
6/14/2005,165,ACRU-03,30,BB,100,BB,100,100,M,-99,-99,93,80,85,F,
6/14/2005,165,ACPE-04,31,BB,100,ND,0,0,ND,20,20,88,80,55,F,
6/14/2005,165,QUVE-02,32,BB,100,-99,-99,-99,-99,-99,-99,-99,-99,-99,-99
6/14/2005,165,ACRU-04,33,BB,100,BB,100,100,M,13,15,95,80,85,F
6/14/2005,165,QUAL-02,34,BB,100,ND,0,0,ND,18,13,60,45,0,0
6/14/2005,165,CRSP-03,35,BB,100,-99,-99,-99,-99,-99,-99,-99,-99,-99,-99
6/14/2005,165,BELE-03,36,BB,100,-99,-99,-99,-99,-99,-99,-99,-99,-99,-99
6/14/2005,165,HAVI-03,37,BB,100,ND,0,0,ND,12,8,93,80,90,M
6/14/2005,165,QUVE-03,38,BB,100,-99,-99,-99,-99,-99,-99,-99,-99,-99,-99
6/14/2005,165,QUVE-04,39,BB,100,-99,-99,-99,-99,-99,-99,-99,-99,-99,-99
6/14/2005,165,QURU-03,40,BB,100,BB,100,100,ND,-99,-99,90,80,75,0
6/14/2005,165,CRSP-02,41,BB,100,-99,-99,-99,-99,-99,-99,-99,-99,-99,-99
6/14/2005,165,PRSE-02,42,BB,100,-99,-99,-99,-99,-99,-99,-99,-99,-99,-99
6/14/2005,165,BEPA-02,43,BB,100,-99,-99,-99,-99,-99,-99,-99,-99,-99,-99
6/14/2005,165,BEPA-03,44,BB,100,-99,-99,-99,-99,-99,-99,-99,-99,-99,-99
6/14/2005,165,BEPA-04,45,BB,100,-99,-99,-99,-99,-99,-99,-99,-99,-99,-99
6/14/2005,165,COAL-03,46,BB,100,-99,-99,-99,-99,-99,-99,-99,-99,-99,-99
6/14/2005,165,FRAM-02,47,BB,100,ND,0,0,ND,-99,-99,93,80,85,0
6/14/2005,165,FAGR-04,48,BB,100,-99,-99,-99,-99,-99,-99,-99,-99,-99,-99,
6/14/2005,165,QUAL-03,49,BB,100,-99,-99,-99,ND,20,13,83,80,40,0,
6/14/2005,165,ACSA-02,50,BB,100,ND,0,0,ND,15,16,100,80,97,0,
6/14/2005,165,FRAM-03,51,BB,100,ND,0,0,ND,34,23,95,80,90,0,
6/14/2005,165,POTR-04,52,BB,100,-99,-99,-99,-99,-99,-99,-99,-99,-99,-99,
6/14/2005,165,ACSA-03,53,BB,100,ND,0,0,ND,-99,-99,93,80,90,0,
6/14/2005,165,PRSE-04,54,BB,100,-99,-99,-99,-99,-99,-99,-99,-99,-99,-99,
6/14/2005,165,QURU-04,55,BB,100,BB,100,100,ND,-99,-99,93,80,85,0,
6/14/2005,165,ACRU-05,56,BB,100,BB,100,100,F,13,12,93,80,85,M,fruit gone
6/14/2005,165,FRAM-04,57,BB,100,BB,100,100,ND,34,22,75,80,35,S,
6/14/2005,165,POTR-02,58,BB,100,-99,-99,-99,-99,-99,-99,-99,-99,-99,-99,fruit gone
6/20/2005,171,AMSP-01,1,BB,100,-99,-99,-99,-99,-99,-99,-99,-99,-99,-99,
6/20/2005,171,FRAM-01,2,BB,100,ND,0,0,ND,-99,-99,95,80,95,0,
6/20/2005,171,PRSE-01,3,BB,100,-99,-99,-99,-99,-99,-99,-99,-99,-99,-99,
6/20/2005,171,ACRU-01,4,BB,100,BB,100,100,M,-99,-99,96,80,95,S,
6/20/2005,171,COAL-01,5,BB,100,-99,-99,-99,-99,-99,-99,-99,-99,-99,-99,
6/20/2005,171,AMSP-02,6,BB,100,-99,-99,-99,-99,-99,-99,-99,-99,-99,-99,
6/20/2005,171,ACSA-01,7,BB,100,ND,0,0,ND,14,15,100,80,97,0,
6/20/2005,171,BELE-01,8,BB,100,-99,-99,-99,-99,-99,-99,-99,-99,-99,-99,
6/20/2005,171,BEAL-01,9,BB,100,-99,-99,-99,ND,13,7,98,80,95,M,
6/20/2005,171,COAL-04,10,-99,-99,-99,-99,-99,-99,-99,-99,-99,-99,-99,-99,dead
6/20/2005,171,QURU-01,11,BB,100,BB,100,100,ND,-99,-99,90,80,80,0,
6/20/2005,171,QUAL-05,12,BB,100,ND,0,0,ND,21,13,88,80,45,0,new tree 5/14/2005
6/20/2005,171,FAGR-01,13,BB,100,-99,-99,-99,-99,-99,-99,-99,-99,-99,-99,
6/20/2005,171,ACPE-01,14,BB,100,BB,100,100,M,21,18,93,80,85,S,
6/20/2005,171,QUVE-01,15,BB,100,-99,-99,-99,-99,-99,-99,-99,-99,-99,-99,
6/20/2005,171,BEPA-01,16,BB,100,-99,-99,-99,-99,-99,-99,-99,-99,-99,-99,
6/20/2005,171,CRSP-01,17,BB,100,-99,-99,-99,-99,-99,-99,-99,-99,-99,-99,
6/20/2005,171,ACRU-02,18,BB,100,BB,100,100,M,12,13,98,80,97,F,
6/20/2005,171,ACPE-02,19,BB,100,BB,100,100,M,20,20,90,80,80,S,
6/20/2005,171,FAGR-05,20,BB,100,-99,-99,-99,-99,-99,-99,-99,-99,-99,-99,
6/20/2005,171,ACPE-03,21,BB,100,ND,0,0,ND,20,20,95,80,95,F,
6/20/2005,171,HAVI-01,22,BB,100,ND,0,0,ND,13,10,93,80,90,0,
6/20/2005,171,BEAL-02,23,BB,100,-99,-99,-99,ND,9,6,95,80,95,S,
6/20/2005,171,BELE-02,24,BB,100,-99,-99,-99,-99,-99,-99,-99,-99,-99,-99,
6/20/2005,171,FAGR-06,25,BB,100,-99,-99,-99,-99,-99,-99,-99,-99,-99,-99,new tree fall 2004
6/20/2005,171,AMSP-03,26,BB,100,-99,-99,-99,-99,-99,-99,-99,-99,-99,-99,
6/20/2005,171,BEAL-03,27,BB,100,-99,-99,-99,ND,10,6,95,80,90,S,
6/20/2005,171,HAVI-02,28,BB,100,ND,0,0,ND,11,9,98,80,97,F,
6/20/2005,171,QURU-02,29,BB,100,-99,-99,-99,ND,-99,-99,88,80,75,F,some frost damage?
6/20/2005,171,ACRU-03,30,BB,100,BB,100,100,M,-99,-99,96,80,95,S,
6/20/2005,171,ACPE-04,31,BB,100,ND,0,0,ND,20,20,90,80,80,F,
6/20/2005,171,QUVE-02,32,BB,100,-99,-99,-99,-99,-99,-99,-99,-99,-99,-99,
6/20/2005,171,ACRU-04,33,BB,100,BB,100,100,M,13,15,98,80,97,F,
6/20/2005,171,QUAL-02,34,BB,100,ND,0,0,ND,18,13,75,70,20,0,some frost damage?
6/20/2005,171,CRSP-03,35,BB,100,-99,-99,-99,-99,-99,-99,-99,-99,-99,-99,
6/20/2005,171,BELE-03,36,BB,100,-99,-99,-99,-99,-99,-99,-99,-99,-99,-99,
6/20/2005,171,HAVI-03,37,BB,100,ND,0,0,ND,11,8,96,80,95,M,
6/20/2005,171,QUVE-03,38,BB,100,-99,-99,-99,-99,-99,-99,-99,-99,-99,-99
6/20/2005,171,QUVE-04,39,BB,100,-99,-99,-99,-99,-99,-99,-99,-99,-99,-99
6/20/2005,171,QURU-03,40,BB,100,BB,100,100,ND,-99,-99,95,80,95,0
6/20/2005,171,CRSP-02,41,BB,100,-99,-99,-99,-99,-99,-99,-99,-99,-99,-99
6/20/2005,171,PRSE-02,42,BB,100,-99,-99,-99,-99,-99,-99,-99,-99,-99,-99
6/20/2005,171,BEPA-02,43,BB,100,-99,-99,-99,-99,-99,-99,-99,-99,-99,-99
6/20/2005,171,BEPA-03,44,BB,100,-99,-99,-99,-99,-99,-99,-99,-99,-99,-99
6/20/2005,171,BEPA-04,45,BB,100,-99,-99,-99,-99,-99,-99,-99,-99,-99,-99
6/20/2005,171,COAL-03,46,BB,100,-99,-99,-99,-99,-99,-99,-99,-99,-99,-99
6/20/2005,171,FRAM-02,47,BB,100,ND,0,0,ND,-99,-99,98,80,97,0
6/20/2005,171,FAGR-04,48,BB,100,-99,-99,-99,-99,-99,-99,-99,-99,-99,-99
6/20/2005,171,QUAL-03,49,BB,100,ND,0,0,ND,21,13,90,80,80,0
6/20/2005,171,ACSA-02,50,BB,100,ND,0,0,ND,15,16,100,80,97,0
6/20/2005,171,FRAM-03,51,BB,100,ND,0,0,ND,34,24,98,80,97,0
6/20/2005,171,POTR-04,52,BB,100,-99,-99,-99,-99,-99,-99,-99,-99,-99,-99
6/20/2005,171,ACSA-03,53,BB,100,ND,0,0,ND,-99,-99,98,80,97,0
6/20/2005,171,PRSE-04,54,BB,100,-99,-99,-99,-99,-99,-99,-99,-99,-99,-99,
6/20/2005,171,QURU-04,55,BB,100,BB,100,100,ND,-99,-99,100,80,97,0,
6/20/2005,171,ACRU-05,56,BB,100,BB,100,100,F,13,12,98,80,97,M,fr gone;black lf spots
6/20/2005,171,FRAM-04,57,BB,100,BB,100,100,ND,36,24,83,80,60,S,
6/20/2005,171,POTR-02,58,BB,100,-99,-99,-99,-99,-99,-99,-99,-99,-99,-99,
6/27/2005,178,AMSP-01,1,BB,100,-99,-99,-99,-99,-99,-99,-99,-99,-99,-99,
6/27/2005,178,FRAM-01,2,BB,100,ND,0,0,ND,-99,-99,98,80,97,0,
6/27/2005,178,PRSE-01,3,BB,100,-99,-99,-99,-99,-99,-99,-99,-99,-99,-99,
6/27/2005,178,ACRU-01,4,BB,100,BB,100,100,M,-99,-99,98,80,97,M,
6/27/2005,178,COAL-01,5,BB,100,-99,-99,-99,-99,-99,-99,-99,-99,-99,-99,
6/27/2005,178,AMSP-02,6,BB,100,-99,-99,-99,-99,-99,-99,-99,-99,-99,-99,
6/27/2005,178,ACSA-01,7,BB,100,ND,0,0,ND,14,15,100,80,97,0,
6/27/2005,178,BELE-01,8,BB,100,-99,-99,-99,-99,-99,-99,-99,-99,-99,-99,
6/27/2005,178,BEAL-01,9,BB,100,-99,-99,-99,ND,13,7,99,80,97,M,
6/27/2005,178,COAL-04,10,-99,-99,-99,-99,-99,-99,-99,-99,-99,-99,-99,-99,dead
6/27/2005,178,QURU-01,11,BB ,100,BB,100,100,ND,-99,-99,95,80,95,F,
6/27/2005,178,QUAL-05,12,BB ,100,ND,0,0,ND,20,14,95,80,90,0,new tree 5/14/2005
6/27/2005,178,FAGR-01,13,BB ,100,-99,-99,-99,-99,-99,-99,-99,-99,-99,-99,
6/27/2005,178,ACPE-01,14,BB ,100,BB,100,100,M,20,17,96,80,97,S,
6/27/2005,178,QUVE-01,15,BB ,100,-99,-99,-99,-99,-99,-99,-99,-99,-99,-99,
6/27/2005,178,BEPA-01,16,BB ,100,-99,-99,-99,-99,-99,-99,-99,-99,-99,-99,
6/27/2005,178,CRSP-01,17,BB ,100,-99,-99,-99,-99,-99,-99,-99,-99,-99,-99,
6/27/2005,178,ACRU-02,18,BB ,100,BB,100,100,M,12,13,99,80,97,S,
6/27/2005,178,ACPE-02,19,BB ,100,BB,100,100,M,20,20,95,80,95,M,
6/27/2005,178,FAGR-05,20,BB ,100,-99,-99,-99,-99,-99,-99,-99,-99,-99,-99,
6/27/2005,178,ACPE-03,21,BB ,100,ND,0,0,ND,20,20,100,80,97,0,
6/27/2005,178,HAVI-01,22,BB ,100,ND,0,0,ND,13,9,96,80,97,0,
6/27/2005,178,BEAL-02,23,BB ,100,-99,-99,-99,ND,9,6,98,80,97,S,
6/27/2005,178,BELE-02,24,BB ,100,-99,-99,-99,-99,-99,-99,-99,-99,-99,-99,
6/27/2005,178,FAGR-06,25,BB ,100,-99,-99,-99,-99,-99,-99,-99,-99,-99,-99,new tree fall 2004
6/27/2005,178,AMSP-03,26,BB ,100,-99,-99,-99,-99,-99,-99,-99,-99,-99,-99,
6/27/2005,178,BEAL-03,27,BB ,100,-99,-99,-99,ND,10,6,98,80,97,M,
6/27/2005,178,HAVI-02,28,BB ,100,ND,0,0,ND,11,9,99,80,97,F,
6/27/2005,178,QURU-02,29,BB ,100,ND,0,0,ND,-99,-99,93,80,95,F,some frost damage?
6/27/2005,178,ACRU-03,30,BB ,100,BB,100,100,M,-99,-99,99,80,97,F,
6/27/2005,178,ACPE-04,31,BB ,100,ND,0,0,ND,20,20,95,80,95,F,
6/27/2005,178,QUVE-02,32,BB ,100,-99,-99,-99,-99,-99,-99,-99,-99,-99,-99,
6/27/2005,178,ACRU-04,33,BB ,100,BB,100,100,M,13,15,99,80,97,F,
6/27/2005,178,QUAL-02,34,BB ,100,ND,0,0,ND,19,13,85,80,65,0,
6/27/2005,178,CRSP-03,35,BB ,100,-99,-99,-99,-99,-99,-99,-99,-99,-99,-99,
6/27/2005,178,BELE-03,36,BB ,100,-99,-99,-99,-99,-99,-99,-99,-99,-99,-99,
6/27/2005,178,HAVI-03,37,BB ,100,ND,0,0,ND,12,8,98,80,97,S,
6/27/2005,178,QUVE-03,38,BB ,100,-99,-99,-99,-99,-99,-99,-99,-99,-99,-99,
6/27/2005,178,QUVE-04,39,BB ,100,-99,-99,-99,-99,-99,-99,-99,-99,-99,-99,
6/27/2005,178,QURU-03,40,BB ,100,BB,100,100,ND,-99,-99,99,80,97,0,
6/27/2005,178,CRSP-02,41,BB ,100,-99,-99,-99,-99,-99,-99,-99,-99,-99,-99,
6/27/2005,178,PRSE-02,42,BB ,100,-99,-99,-99,-99,-99,-99,-99,-99,-99,-99,
6/27/2005,178,BEPA-02,43,BB ,100,-99,-99,-99,-99,-99,-99,-99,-99,-99,-99,
6/27/2005,178,BEPA-03,44,BB ,100,-99,-99,-99,-99,-99,-99,-99,-99,-99,-99,
6/27/2005,178,BEPA-04,45,BB ,100,-99,-99,-99,-99,-99,-99,-99,-99,-99,-99,
6/27/2005,178,COAL-03,46,BB ,100,-99,-99,-99,-99,-99,-99,-99,-99,-99,-99,
6/27/2005,178,FRAM-02,47,BB ,100,ND,0,0,ND,-99,-99,100,80,97,0,
6/27/2005,178,FAGR-04,48,BB ,100,-99,-99,-99,-99,-99,-99,-99,-99,-99,-99,
6/27/2005,178,QUAL-03,49,BB ,100,-99,-99,-99,ND,20,13,98,80,97,0,
6/27/2005,178,ACSA-02,50,BB ,100,ND,0,0,ND,15,16,100,80,97,0,
6/27/2005,178,FRAM-03,51,BB ,100,ND,0,0,ND,34,23,100,80,97,0,
6/27/2005,178,POTR-04,52,BB ,100,-99,-99,-99,-99,-99,-99,-99,-99,-99,-99,
6/27/2005,178,ACSA-03,53,BB ,100,ND,0,0,ND,-99,-99,100,80,97,0,
6/27/2005,178,PRSE-04,54,BB ,100,-99,-99,-99,-99,-99,-99,-99,-99,-99,-99,
6/27/2005,178,QURU-04,55,BB ,100,BB,100,100,ND,-99,-99,100,80,97,0,
6/27/2005,178,ACRU-05,56,BB ,100,BB,100,100,F,13,12,99,80,97,M,many black leaf spots
6/27/2005,178,FRAM-04,57,BB ,100,BB,100,100,ND,36,24,85,80,85,0,
6/27/2005,178,POTR-02,58,BB ,100,-99,-99,-99,-99,-99,-99,-99,-99,-99,-99,
